idx,rank,query_id,gt_id,ret1,ret2,ret3
0,0,9089,23314,23314,21576,23131
1,79,1938,27687,25365,25213,25256
2,0,11597,18968,18968,30240,21725
3,0,1165,20380,20380,15324,15871
4,100,10544,17697,18087,18576,16886
5,0,10869,19509,19509,23685,18281
6,10,12217,20725,20980,23383,19556
7,0,10201,27701,27701,29553,15533
8,0,10757,25068,25068,29066,23824
9,1,11942,22376,23131,22376,23247
10,0,781,15732,15732,18052,21310
11,0,1061,26052,26052,27391,28830
12,6,9773,21422,20023,17619,18365
13,0,8907,19722,19722,15324,19547
14,0,6946,22355,22355,22489,18800
15,0,1494,24749,24749,26428,25155
16,326,13710,26252,27066,24668,29096
17,355,12767,24718,25985,27669,28962
18,0,3272,28311,28311,25488,27144
19,0,7289,20127,20127,16186,22618
20,0,9055,23852,23852,26969,26292
21,0,5679,23652,23652,23411,29888
22,22,12691,30086,30038,28077,28874
23,0,12595,17013,17013,17197,15827
24,0,883,28353,28353,25051,26390
25,1,3388,28734,24968,28734,29578
26,0,12100,27108,27108,24896,28510
27,4,1900,23173,19144,18368,19107
28,0,10050,27288,27288,29170,29886
29,0,10211,25763,25763,27971,14970
30,0,3836,21835,21835,22597,21108
31,0,13414,25251,25251,26907,28229
32,0,5029,21956,21956,16886,22355
33,0,8865,23614,23614,21720,21960
34,0,4657,27492,27492,24106,27922
35,0,6810,20448,20448,23432,19667
36,10,7082,15098,25521,30335,27103
37,73,9931,23738,23310,24332,24380
38,0,4445,28212,28212,26630,24228
39,18,3277,22895,22838,19083,20242
40,43,3741,17161,18313,21328,21376
41,111,3766,21742,16886,22848,18087
42,0,11711,16768,16768,22618,16186
43,26,13594,27865,28027,27609,28947
44,0,5418,22602,22602,22954,19636
45,23,7901,25849,27068,26311,26614
46,1,8822,24097,26599,24097,27835
47,0,7016,19898,19898,21652,23011
48,0,10080,21099,21099,20473,17007
49,26,8869,18606,19177,22073,20225
50,3,3707,17467,30134,21626,30335
51,2,10193,21943,19120,23411,21943
52,0,11731,23814,23814,26733,26913
53,0,2506,25934,25934,24884,27075
54,0,11403,26766,26766,28889,24987
55,0,9996,23859,23859,24884,29680
56,0,4537,15656,15656,21226,22999
57,0,4565,23375,23375,22518,19490
58,0,4951,29209,29209,28080,24111
59,0,8715,24656,24656,28374,27192
60,2,314,15238,15413,29147,15238
61,1,11117,30025,26079,30025,25860
62,0,4500,16493,16493,20763,20324
63,0,4469,29286,29286,29447,26247
64,0,7385,24326,24326,25190,28169
65,104,3724,24598,28056,26806,27215
66,0,3260,29052,29052,26672,27255
67,0,2349,26954,26954,24610,24707
68,0,4908,29930,29930,30005,29999
69,0,11147,23928,23928,24814,27122
70,0,6401,29154,29154,24326,26806
71,0,6301,19619,19619,16028,17152
72,90,4570,22328,23173,20814,16274
73,16,10070,20051,18606,23413,21933
74,0,1315,26672,26672,24628,29093
75,0,1432,24226,24226,26106,28591
76,3,8173,29478,29246,28280,27191
77,0,11278,23571,23571,22530,17170
78,648,3931,30319,22870,30198,30327
79,0,9202,24463,24463,15148,26144
80,0,5921,26481,26481,28048,23998
81,0,10228,29277,29277,29565,29495
82,0,13048,25347,25347,27923,27010
83,0,8537,26907,26907,25251,25901
84,0,12101,24154,24154,26697,27097
85,0,6872,29451,29451,27382,26348
86,0,123,21229,21229,17762,27064
87,0,7273,17653,17653,16758,20223
88,0,9100,24730,24730,25865,23876
89,201,3134,24804,26212,24783,15093
90,0,8403,29267,29267,28538,27779
91,0,5184,29740,29740,24607,27694
92,0,6177,27868,27868,29381,24462
93,0,782,27152,27152,29083,27803
94,0,4552,25959,25959,25046,25161
95,0,14423,24575,24575,19196,20900
96,1,9880,29047,29294,29047,24349
97,0,2950,25483,25483,27249,27019
98,1,8651,19016,16139,19016,18629
99,0,7418,26404,26404,26403,25212
100,15,8167,15072,30038,29968,27761
101,0,14139,25722,25722,24341,27785
102,3,8764,15827,21134,19667,22376
103,0,10679,18112,18112,23685,22687
104,172,7225,27168,24328,25161,24856
105,0,12626,26403,26403,28984,25846
106,0,4525,20110,20110,20250,15969
107,0,3031,25727,25727,24421,25589
108,3,3204,24034,28280,29246,29478
109,1,3221,18483,19527,18483,17717
110,0,4980,26437,26437,24116,26712
111,0,10829,29640,29640,29639,29633
112,15,6708,28790,23777,29366,25917
113,0,9238,26498,26498,29246,27660
114,22,5529,16578,17161,16403,23326
115,0,3762,21689,21689,15886,22931
116,0,2941,20934,20934,22302,16528
117,0,12266,27496,27496,29441,27536
118,0,9020,29008,29008,29285,29373
119,81,8250,28962,25521,25754,25480
120,0,8660,27102,27102,25856,27669
121,0,6102,24920,24920,23772,26126
122,0,13940,26011,26011,28766,27002
123,0,7395,29393,29393,26006,29152
124,2,14152,24245,26075,25884,24245
125,0,9411,20658,20658,18121,16258
126,0,11750,22564,22564,18363,17650
127,0,9508,27910,27910,24588,26097
128,0,14567,28195,28195,26676,25502
129,0,1413,23993,23993,25623,26852
130,6,5393,23047,22339,17842,23411
131,142,3536,30279,19514,17697,22848
132,0,10345,19128,19128,16724,22497
133,2,1123,28179,27379,26992,28179
134,0,4771,22431,22431,16637,22728
135,0,2935,15863,15863,16335,22575
136,2,3908,26087,29387,25942,26087
137,0,154,24981,24981,24056,27895
138,0,9643,20167,20167,24060,23314
139,0,4782,24961,24961,27779,27255
140,0,7759,27120,27120,26769,24111
141,0,9986,29457,29457,28025,27255
142,0,5180,29229,29229,29274,26250
143,7,8647,27011,28947,25849,27772
144,0,10622,28972,28972,28948,28547
145,0,1766,15894,15894,19626,18991
146,5,2528,25188,24607,27895,27887
147,0,14573,25162,25162,26270,29113
148,0,9831,21616,21616,21662,27215
149,0,6813,23104,23104,22611,18611
150,0,9953,25940,25940,25264,28553
151,0,1499,29408,29408,27713,29532
152,9,6656,25480,28962,26043,28396
153,0,4335,27056,27056,28962,24754
154,0,11831,26220,26220,28408,27973
155,0,10862,26655,26655,29093,28305
156,20,14310,28423,27939,25875,25955
157,0,13352,26888,26888,25298,25861
158,0,9264,20342,20342,22039,22113
159,0,12948,27450,27450,25955,27039
160,0,13911,25534,25534,25654,24529
161,0,2258,27311,27311,29742,24462
162,67,1115,15920,19067,17653,16403
163,292,5083,29907,23636,20511,19771
164,0,10029,23357,23357,19215,22132
165,0,12925,28642,28642,28687,26390
166,0,11574,26763,26763,27070,27382
167,0,2243,29299,29299,27023,27204
168,0,13330,26733,26733,23814,27039
169,1,2560,29294,29047,29294,25487
170,0,7961,25805,25805,15035,27885
171,0,9496,20920,20920,21163,15363
172,0,4544,28464,28464,26292,24912
173,0,14159,22715,22715,19918,21370
174,0,8401,18440,18440,20927,15321
175,0,680,16095,16095,16622,17981
176,1,7981,25031,26059,25031,26308
177,0,12316,27115,27115,24329,15072
178,3,1795,15991,29147,16035,26450
179,0,9743,24116,24116,28654,27088
180,0,5275,20981,20981,23623,20522
181,8,5747,29938,30005,29948,24927
182,2,12670,17969,23297,21794,17969
183,0,11161,18576,18576,20551,30279
184,0,9821,17431,17431,24769,28043
185,0,6669,19320,19320,17266,18121
186,71,9852,20559,23104,20111,21395
187,2,5033,28305,26348,24628,28305
188,0,14359,30258,30258,29861,30320
189,0,5433,20020,20020,20601,19869
190,0,13607,27977,27977,24175,29454
191,9,9793,23432,19104,22110,20389
192,0,387,29608,29608,29742,29086
193,3,4920,23632,22213,21328,23063
194,0,3211,19337,19337,18320,16264
195,0,8475,25503,25503,27019,25595
196,0,7301,27525,27525,28830,28509
197,0,7636,17050,17050,23635,17848
198,1,11832,23094,22422,23094,21422
199,0,142,25884,25884,26437,26075
200,0,6730,20532,20532,16028,22773
201,359,14857,23964,27609,28572,25794
202,51,627,17291,21617,23326,23210
203,115,7974,25908,24214,28027,24727
204,0,7005,28568,28568,15732,25488
205,0,5600,21280,21280,22489,23159
206,0,3150,19319,19319,16886,18342
207,0,10653,25768,25768,29160,27584
208,0,6724,19205,19205,19676,20762
209,0,1141,15172,15172,15213,28654
210,7,9397,26565,28300,26613,29066
211,6,1317,28482,26738,29565,26672
212,13,2050,30347,29852,30318,30233
213,1,10868,21338,29268,21338,21935
214,0,3178,18087,18087,18342,21758
215,0,13890,25889,25889,25656,27039
216,0,9543,27655,27655,26638,27255
217,21,7964,22538,25577,24849,21725
218,0,9003,29170,29170,27288,28553
219,0,130,24791,24791,27931,26672
220,57,9525,21816,22786,17037,16402
221,0,8529,26479,26479,24026,29489
222,0,14569,15066,15066,25854,26252
223,0,7732,29633,29633,29632,29681
224,0,6575,26247,26247,26672,26058
225,28,13068,22616,23411,20242,23429
226,0,10915,22553,22553,21959,22765
227,0,10927,16695,16695,22530,21340
228,0,13077,21572,21572,26868,19179
229,0,2370,27335,27335,30214,28587
230,0,5446,29065,29065,27842,26421
231,0,2924,17769,17769,21353,19887
232,0,4528,21521,21521,23131,21576
233,50,13972,17990,20725,18407,18301
234,0,13860,20296,20296,18313,19804
235,0,10673,20975,20975,18005,21422
236,0,5718,22223,22223,19654,22445
237,0,11120,23980,23980,26606,26549
238,0,10933,17777,17777,18447,20081
239,0,12389,15019,15019,28191,14969
240,47,13252,24701,27524,26465,29453
241,1,1344,24550,29948,24550,29958
242,0,12059,26840,26840,30335,27280
243,0,11484,26913,26913,28654,23814
244,0,7147,15493,15493,16529,20601
245,1,419,29852,30272,29852,30306
246,0,5451,27104,27104,25886,27694
247,0,6246,22250,22250,21906,22724
248,2,13699,25660,15093,27653,25660
249,0,10955,18803,18803,19490,20296
250,8,8610,15373,22593,22113,19111
251,0,6533,23224,23224,22411,16627
252,2,6737,25985,26139,26314,25985
253,0,2973,22088,22088,20279,19659
254,60,6080,30333,17053,19144,17161
255,0,7441,26079,26079,23970,17638
256,0,9228,16511,16511,17717,21344
257,1,3251,27053,25013,27053,26043
258,37,13564,29453,25197,25521,25967
259,0,6456,25883,25883,29812,28032
260,0,13720,26504,26504,25515,27971
261,1,11911,29939,30005,29939,29930
262,0,9022,29544,29544,27779,26165
263,0,14583,25078,25078,24613,25264
264,5,4610,27191,28280,27660,28750
265,0,6424,27215,27215,28096,28056
266,0,9357,28898,28898,25640,29578
267,1,1719,18889,21739,18889,18535
268,0,4073,15771,15771,22445,19205
269,0,6253,26638,26638,23060,27655
270,0,14189,22954,22954,21960,26500
271,0,5866,17820,17820,21495,22705
272,12,7849,16324,18342,15965,18575
273,52,939,25017,25097,27841,27703
274,0,6783,20243,20243,22302,17170
275,0,5601,26983,26983,29381,24902
276,0,10652,28912,28912,25488,24628
277,0,9457,23588,23588,16220,22328
278,1,9713,24413,24412,24413,25659
279,0,5474,26325,26325,29286,28305
280,0,7527,17266,17266,19320,17870
281,3,6947,30066,27905,30006,29958
282,0,8189,22594,22594,21353,19475
283,0,5131,28219,28219,28636,28914
284,0,7801,15001,15001,29663,28246
285,0,7748,20579,20579,16658,21948
286,2,11634,18575,19865,21943,18575
287,3,8909,29373,27852,25755,28480
288,2,12637,25854,26602,24369,25854
289,2,7057,17429,22527,17779,17429
290,9,6643,22724,15746,16627,18819
291,20,10837,22472,21652,19185,21609
292,0,7838,17310,17310,23569,20652
293,8,4501,28713,29277,29105,27120
294,45,13565,24757,28947,28229,27390
295,197,5341,23674,23173,23215,19490
296,13,8993,23494,21108,15313,23392
297,2,1585,19667,23432,22849,19667
298,137,12393,22970,29170,18029,21943
299,0,3182,29848,29848,25794,27373
300,0,3946,23898,23898,27801,28242
301,0,7962,15035,15035,25805,25338
302,1,12825,27584,29064,27584,27218
303,10,14430,28589,24077,27014,15066
304,0,12009,27417,27417,27379,27891
305,1,5380,23210,19024,23210,22312
306,73,12492,28949,30306,22970,27167
307,0,1561,21597,21597,19619,19172
308,1,12996,21601,18088,21601,23261
309,2,10637,29632,29640,29639,29632
310,96,10460,21152,25589,29578,19734
311,0,561,26133,26133,29154,24637
312,0,2814,20609,20609,15850,17717
313,0,3860,24476,24476,23980,25849
314,0,3712,23469,23469,19022,15321
315,0,12192,22728,22728,17065,19600
316,0,4303,26946,26946,26208,26855
317,0,4456,15725,15725,17871,16627
318,0,7026,22585,22585,18991,16853
319,0,6434,15254,15254,19322,15052
320,0,8284,18645,18645,21556,22523
321,0,1334,21951,21951,21601,22928
322,0,11937,21431,21431,16403,16758
323,0,13125,22757,22757,18301,23131
324,0,10028,21794,21794,16392,23557
325,0,3810,18052,18052,17214,21879
326,0,458,26793,26793,27931,24961
327,8,12460,20286,22493,20927,19284
328,280,9267,24369,27589,27520,24077
329,0,13574,20302,20302,22113,17991
330,0,6642,25683,25683,29447,26939
331,0,13148,25807,25807,17718,29907
332,0,10979,21961,21961,19322,19780
333,7,3320,28585,26346,26856,25017
334,95,7792,22527,21039,22497,20652
335,40,10217,18320,16434,23578,15736
336,44,8671,27583,26817,29071,28875
337,83,11433,28399,15197,24030,27653
338,4,6,17981,15533,23701,17411
339,0,6077,16132,16132,20033,17677
340,0,5026,28340,28340,27404,29060
341,147,4746,22554,18087,17442,16886
342,0,11058,28520,28520,27064,27404
343,1,6876,27945,27841,27945,15053
344,40,14534,25917,15053,27945,27785
345,24,3027,21328,21315,21758,22237
346,0,8007,28443,28443,27002,25228
347,0,1306,29561,29561,26738,29484
348,0,13481,25364,25364,28466,24613
349,0,2417,22977,22977,20232,19708
350,0,1717,21886,21886,19549,16464
351,0,3865,18121,18121,20658,17376
352,0,12223,27198,27198,27124,27051
353,0,2620,30214,30214,20696,25203
354,26,12110,28903,24099,26712,25342
355,0,5727,28234,28234,28973,27307
356,0,9271,27982,27982,27548,27713
357,0,1699,18164,18164,17638,17316
358,0,11966,26668,26668,28676,28214
359,0,2346,28590,28590,26325,28328
360,0,13568,29071,29071,28289,24175
361,0,2757,20758,20758,21465,21344
362,2,2977,15005,17431,24769,15005
363,0,14420,26712,26712,27011,27088
364,3,8487,20081,19556,18447,23538
365,0,4598,24133,24133,29012,27107
366,0,10202,19926,19926,23239,23635
367,13,11658,23889,28750,24034,28363
368,0,110,27758,27758,29756,23898
369,0,121,23916,23916,26153,25236
370,0,6263,24930,24930,24456,26545
371,106,1401,16273,21342,16528,21931
372,0,875,25433,25433,26806,15127
373,0,13647,26270,26270,25162,25654
374,0,7903,25232,25232,23809,24529
375,1,8851,24967,26614,24967,26149
376,0,1228,18363,18363,19368,15960
377,2,10656,28442,24329,27761,28442
378,0,2183,16637,16637,19373,21794
379,26,14523,22368,17181,22460,21943
380,0,6458,27040,27040,29380,26894
381,0,2433,27507,27507,25616,24652
382,0,9667,14997,14997,30136,14960
383,0,4172,23143,23143,19879,22929
384,1,5295,26292,27774,26292,26969
385,0,7127,18025,18025,17376,18535
386,0,2000,20800,20800,21597,23103
387,0,11678,26250,26250,28819,24812
388,1,7203,21354,16642,21354,21121
389,35,14275,27971,27276,26734,27865
390,181,13761,26856,26755,27066,27589
391,0,8246,15265,15265,24529,14978
392,94,4022,22592,16886,21626,20279
393,0,3660,26160,26160,29154,28350
394,3,2308,25901,25650,26392,24992
395,400,13253,24613,25654,24730,24187
396,0,9433,16700,16700,18882,19722
397,0,8414,24773,24773,24589,24936
398,0,4494,26769,26769,29310,27192
399,7,4770,20830,20551,15920,17291
400,0,14133,29024,29024,25773,26223
401,0,2317,25120,25120,25589,27184
402,0,9947,24696,24696,27497,26043
403,0,4010,15443,15443,19626,16755
404,0,213,18137,18137,19153,16242
405,0,6086,25925,25925,26073,24197
406,293,11742,27520,29453,26755,23310
407,21,2999,27322,27107,26735,28361
408,13,5758,28572,15197,27034,27280
409,1,10904,26489,29484,26489,28080
410,0,11467,26622,26622,27108,24767
411,0,4795,25754,25754,28790,25940
412,0,5872,26585,26585,27039,25120
413,0,8577,18413,18413,17981,21226
414,36,6194,18005,23632,23582,20511
415,11,10950,30090,28000,18164,30039
416,0,10727,26735,26735,28361,20128
417,11,6288,29486,29263,24590,29366
418,0,1225,21001,21001,19067,17302
419,0,11238,28549,28549,28361,29568
420,0,12563,27064,27064,28520,27255
421,0,1629,24111,24111,26769,29565
422,6,12928,15419,20146,21495,30279
423,0,3982,19575,19575,22313,19490
424,0,13850,24823,24823,28408,27168
425,0,5922,28082,28082,27025,27255
426,0,10167,25129,25129,24470,25232
427,3,13981,24280,26169,24050,24668
428,7,13541,24071,25640,29555,24668
429,0,4098,28665,28665,27023,28919
430,3,6409,23065,19790,20583,19107
431,18,6616,15824,27335,20707,19475
432,0,11112,25606,25606,27397,27039
433,1,1845,23523,18889,23523,21739
434,0,2013,22075,22075,23200,20762
435,0,2652,18892,18892,21163,22713
436,0,3608,28432,28432,29081,28961
437,101,2041,28553,29517,25097,15230
438,0,13576,27504,27504,25494,29302
439,0,8933,24927,24927,29948,30005
440,8,2588,16306,18914,22173,18428
441,0,9550,22885,22885,22137,23411
442,0,9868,30233,30233,29852,25103
443,1,9691,29495,28528,29495,27404
444,0,1813,22540,22540,18608,18611
445,160,14682,28128,28589,24323,29064
446,0,1468,15614,15614,16622,20924
447,0,7145,15415,15415,16786,21899
448,1,1972,25213,25365,25213,25256
449,0,8095,29354,29354,17752,29236
450,0,1284,22110,22110,16186,16739
451,1,4043,18407,18865,18407,18301
452,0,6407,27869,27869,24608,26946
453,37,14697,29873,29420,28670,27066
454,0,8118,18586,18586,22862,23557
455,1,4814,24968,28734,24968,27126
456,0,774,16039,16039,22245,17194
457,6,7567,17516,15824,23215,19669
458,0,10218,27184,27184,24896,25261
459,0,2052,22245,22245,21022,23383
460,16,8549,22639,20725,22849,20814
461,0,14518,27522,27522,24529,25763
462,0,12763,17324,17324,19600,19373
463,0,10584,15374,15374,22459,20043
464,20,7744,25113,28399,29914,24896
465,0,13391,29270,29270,28077,30101
466,0,4399,17305,17305,20601,19869
467,0,6885,25730,25730,23830,24413
468,0,8490,20823,20823,18195,22581
469,0,11515,18865,18865,16658,18301
470,0,2678,27730,27730,25690,24902
471,1,582,17779,20557,17779,23411
472,0,14157,27939,27939,27450,28481
473,0,1545,25790,25790,25530,28212
474,0,13601,23578,23578,22593,21742
475,0,1711,25250,25250,28884,24421
476,2,5133,21342,21562,18447,21342
477,0,4377,29081,29081,28432,24060
478,0,3406,25835,25835,27731,24032
479,0,13674,24062,24062,27103,28423
480,0,7286,27221,27221,24107,27972
481,0,8262,27228,27228,25650,25530
482,0,2906,16207,16207,29147,26450
483,13,7763,15624,21933,23429,22838
484,0,7955,16825,16825,22692,16199
485,0,2945,18893,18893,17161,19144
486,0,446,27887,27887,26421,28473
487,2,2193,20223,17653,17161,20223
488,0,10092,28481,28481,26167,24787
489,0,970,27025,27025,28082,25488
490,0,1955,21562,21562,18101,22423
491,0,6935,28869,28869,24444,29209
492,14,12445,27682,28423,25013,25075
493,0,9709,24359,24359,27525,25447
494,0,10405,20291,20291,23518,17332
495,0,4406,22796,22796,15886,20292
496,0,14097,26212,26212,28536,25101
497,0,7416,20887,20887,20015,15828
498,0,5503,25200,25200,27053,28404
499,0,5710,20309,20309,21931,19368
500,1,8845,29096,28323,29096,29606
501,0,12886,19828,19828,20167,16210
502,0,913,24056,24056,29354,26240
503,1,8749,25461,29468,25461,28696
504,0,8655,24197,24197,27307,26689
505,5,2032,21370,23411,17991,22422
506,0,4773,26452,26452,26599,29495
507,1,9047,24912,24326,24912,29154
508,0,6948,26545,26545,29742,29461
509,0,10314,27567,27567,24205,28304
510,0,9644,28384,28384,25308,28721
511,4,8623,26792,29339,26672,27801
512,0,5399,15251,15251,29873,15203
513,0,1864,18361,18361,16794,21212
514,0,8329,26421,26421,27887,29065
515,0,4964,25545,25545,26697,26969
516,2,3514,22237,19067,21315,22237
517,32,2538,23772,27694,29481,24607
518,0,11134,24814,24814,23837,23928
519,0,219,29886,29886,27941,28363
520,0,10782,28654,28654,27390,27122
521,0,10481,23947,23947,24470,25417
522,0,2905,28720,28720,26348,27382
523,44,13358,21347,19120,17013,17777
524,47,13668,27609,25519,26888,26712
525,0,11631,26660,26660,27609,24421
526,0,2500,29274,29274,29229,29250
527,0,9263,22618,22618,16768,22430
528,1,5441,26043,26697,26043,25013
529,0,10889,30001,30001,29454,30111
530,166,13953,25264,26392,29366,29373
531,33,9086,27475,27841,15053,27945
532,0,8484,26689,26689,28705,29481
533,7,9169,15563,18851,19040,19654
534,0,525,22713,22713,19303,22177
535,0,1803,22493,22493,20927,23178
536,0,10048,25507,25507,27182,29461
537,0,1659,15232,15232,28480,27971
538,0,6476,23998,23998,28048,26481
539,0,14431,26162,26162,24025,27544
540,109,13271,24585,15161,25264,28553
541,0,10371,22028,22028,18348,23129
542,0,12416,23845,23845,26623,29653
543,215,14726,23907,29453,24460,25967
544,0,8508,28547,28547,29663,28972
545,151,1223,24323,26763,24684,27382
546,0,2182,30335,30335,30333,30319
547,15,1510,23413,21358,22838,23333
548,1,1237,18195,22581,18195,16186
549,0,3071,28685,28685,28762,24026
550,2,1122,28425,27379,25983,28425
551,0,793,27382,27382,24628,29461
552,0,6728,24770,24770,27758,27170
553,0,3923,18511,18511,18137,19153
554,0,13524,26054,26054,24804,25521
555,23,5709,27406,26599,26844,26738
556,0,7923,28932,28932,26247,29069
557,46,10370,16619,16516,19654,23182
558,0,2894,18342,18342,17028,15461
559,0,2649,29201,29201,29011,25699
560,0,1933,18625,18625,18301,19708
561,0,14529,14970,14970,24900,24413
562,7,11869,28119,29756,25287,25942
563,0,2107,15413,15413,18629,29147
564,0,5707,16335,16335,20601,19010
565,0,2100,24098,24098,24938,24138
566,5,9847,21118,21626,30335,30319
567,0,4028,28169,28169,26311,29380
568,0,7246,28830,28830,25261,25480
569,0,11418,19549,19549,21886,18415
570,0,4970,19772,19772,22137,22687
571,0,12356,14969,14969,30267,28191
572,0,7032,18348,18348,22004,19667
573,72,992,25753,29420,24657,28766
574,0,6003,26785,26785,25206,29277
575,6,7348,26708,26738,24111,27201
576,23,9810,29429,25815,29107,26498
577,0,8138,25723,25723,24315,28869
578,0,4798,29651,29651,29632,29639
579,8,14134,20407,18368,19330,23569
580,0,14463,25170,25170,26049,23876
581,0,2360,23426,23426,20559,21622
582,21,619,19059,22355,18087,19205
583,0,2055,29471,29471,18535,23772
584,0,8265,29631,29631,29659,29632
585,0,12454,28391,28391,26465,25917
586,743,12270,29481,28300,25494,27609
587,0,6716,27548,27548,24902,25690
588,0,10602,20938,20938,23400,18625
589,0,1731,27694,27694,24607,25264
590,23,9326,29840,20551,17028,15920
591,0,13045,20526,20526,21347,17226
592,0,13535,21144,21144,21370,29903
593,12,2257,28766,25013,29453,25753
594,136,2537,21652,30335,21626,30134
595,0,10436,28242,28242,29105,28374
596,0,3062,28684,28684,25157,29065
597,2,6009,27068,24637,28350,27068
598,0,11382,29236,29236,24359,26565
599,0,11162,22574,22574,21741,20583
600,0,12434,25720,25720,26309,27228
601,0,6560,29528,29528,29328,25902
602,25,634,26844,25206,26599,24607
603,1,9949,15140,25349,15140,27544
604,37,12959,30038,29270,24329,28077
605,2,7547,26493,15035,25805,26493
606,2,5497,25312,25055,26328,25312
607,0,2110,25157,25157,29403,24026
608,0,5205,25417,25417,27708,23947
609,0,7999,15217,15217,24442,28000
610,0,2342,28961,28961,28399,27256
611,0,2774,22173,22173,18428,15003
612,0,12632,20958,20958,16516,20473
613,1,7852,27481,27545,27481,28005
614,0,10713,21918,21918,20747,22113
615,0,8768,28856,28856,26325,26672
616,1,12816,28032,29801,28032,29790
617,0,3645,22466,22466,20473,23247
618,0,6822,15831,15831,19865,22245
619,0,6251,29659,29659,29631,29653
620,1,12779,27594,29366,27594,26935
621,0,6620,20043,20043,20532,15960
622,2,8218,28570,15078,27851,28570
623,11,9799,20224,17028,30279,23011
624,2,6754,19888,22395,20146,19888
625,0,7531,25445,25445,24128,25366
626,0,11362,26894,26894,28350,25754
627,0,1679,28156,28156,28448,28713
628,0,2329,16264,16264,23411,16642
629,0,59,24384,24384,25754,25046
630,51,12417,16434,16094,16886,18591
631,0,5668,25650,25650,28947,24992
632,0,8943,27911,27911,27704,27023
633,0,5322,28919,28919,25645,24060
634,11,2957,27957,27910,28423,26043
635,206,3232,23700,20012,23494,22912
636,0,14761,30242,30242,30261,30240
637,0,7578,28762,28762,27204,27023
638,0,9469,26261,26261,29248,29771
639,0,14317,20128,20128,27373,26347
640,0,10963,27536,27536,28156,26452
641,0,8352,28453,28453,29488,24214
642,0,1702,17214,17214,20303,18052
643,0,2212,25640,25640,28898,29578
644,0,10910,24838,24838,27584,28654
645,1,13039,19104,19424,19104,17969
646,0,6093,23238,23238,23554,21652
647,20,5455,23514,23063,15675,20146
648,0,5148,15462,15462,20099,20758
649,0,7983,18800,18800,17264,17028
650,0,7771,21576,21576,23314,20167
651,0,3426,26740,26740,28103,29011
652,3,1059,15161,15240,15151,15098
653,0,7607,21622,21622,16242,17360
654,0,2252,22461,22461,16025,19304
655,407,7619,19887,15877,19671,23094
656,0,13717,24992,24992,25650,26969
657,0,3489,16186,16186,18195,21670
658,0,3609,23068,23068,21948,18293
659,0,12166,19114,19114,19280,15472
660,0,5963,21320,21320,21662,21616
661,0,7274,17903,17903,23411,15871
662,0,9191,22781,22781,19509,21609
663,0,6149,26144,26144,24463,26565
664,2,4740,25055,25312,26328,25055
665,0,5685,19827,19827,20349,17780
666,1,4163,19850,30279,19850,17780
667,3,2291,17065,16886,18281,16637
668,0,12404,27497,27497,24696,23876
669,0,7590,28603,28603,25915,27166
670,0,14419,25207,25207,24177,25208
671,0,10284,24156,24156,25304,23855
672,2,2836,18631,20001,21739,18631
673,1,11399,26613,28824,26613,25220
674,5,14055,23293,20081,15787,19667
675,1,2459,25577,24849,25577,28361
676,1,8383,19627,18320,19627,15837
677,0,9146,15532,15532,23238,21652
678,1,4804,25915,27023,25915,25221
679,0,4766,24365,24365,29914,18365
680,0,9678,19527,19527,18683,20609
681,0,14100,14978,14978,15005,15629
682,7,3154,25097,27841,27945,26703
683,0,11361,18908,18908,20768,22530
684,3,6582,24529,28393,26565,25901
685,4,1688,16139,19016,15475,29147
686,0,8282,21130,21130,16306,16199
687,0,13430,25964,25964,26926,22459
688,2,13215,29113,24598,24599,29113
689,0,3789,23239,23239,19926,22136
690,0,6794,23621,23621,18893,19144
691,0,4510,17387,17387,22357,18050
692,0,9775,24815,24815,24635,26788
693,1,10245,27660,28280,27660,26498
694,0,9373,25728,25728,29888,22423
695,5,5189,22870,30333,30198,23165
696,44,4320,18313,16886,16094,23557
697,7,4026,25203,30274,22970,20696
698,2,2292,15675,20522,23011,15675
699,12,2078,26072,29246,28280,27660
700,0,7427,19715,19715,20916,20081
701,0,12785,26852,26852,23993,24884
702,22,7253,28874,29071,28000,28289
703,26,3125,16747,21406,22485,22349
704,0,9449,26788,26788,26660,25480
705,0,9904,25939,25939,28229,25494
706,183,10835,24349,24421,26133,26788
707,0,1285,21892,21892,15614,19720
708,9,5191,29392,24315,29105,27982
709,0,14753,29922,29922,24936,26981
710,0,5958,19869,19869,17266,15871
711,0,4846,27491,27491,26769,27803
712,0,2518,18982,18982,17154,26355
713,1,10518,27324,24228,27324,27056
714,0,7407,18771,18771,20067,21070
715,0,5034,24769,24769,19069,15005
716,1,2254,15253,15413,15253,19016
717,0,14594,25955,25955,24613,23943
718,2,739,25365,25213,25256,25365
719,0,14002,25907,25907,24912,29588
720,1,2386,26599,26214,26599,29277
721,0,10654,24057,24057,23855,26240
722,0,3629,17709,17709,19079,19578
723,0,9960,16739,16739,15827,19490
724,0,14648,30163,30163,27775,29645
725,0,10148,27695,27695,26223,25409
726,0,8635,26139,26139,25589,28435
727,0,3607,18101,18101,17962,22999
728,0,11258,19519,19519,16764,18882
729,0,11046,26549,26549,26606,26614
730,0,296,27362,27362,25955,25865
731,0,14281,25214,25214,25220,25200
732,3,2650,29107,29246,28280,27191
733,10,11006,24652,27322,26390,28696
734,2,7883,29555,28119,28572,29555
735,0,7111,28858,28858,29387,27835
736,33,2946,28363,25461,29096,28585
737,0,10531,22611,22611,22049,19304
738,0,1928,16758,16758,16764,20553
739,0,6763,23096,23096,21576,23131
740,0,4497,25197,25197,29488,24384
741,0,11669,24925,24925,26676,27922
742,7,4221,30132,28875,30111,27416
743,0,7012,24444,24444,24902,28869
744,13,13350,22113,21370,20302,23411
745,2,10665,22253,18606,21933,22253
746,0,2858,27088,27088,26712,27724
747,0,3281,22004,22004,20389,23432
748,4,3652,23474,18893,17161,19144
749,0,3662,26697,26697,25530,27249
750,0,13930,15435,15435,21834,21918
751,0,6601,29086,29086,27201,26769
752,0,3813,25856,25856,28354,27102
753,15,10958,21376,18087,22626,17467
754,0,11953,21935,21935,29645,15411
755,0,9272,21039,21039,22422,20296
756,36,2356,28760,25322,25075,27363
757,0,8406,15787,15787,22489,22113
758,0,10918,22575,22575,17312,17943
759,0,2221,19396,19396,16273,19010
760,4,8639,23683,19069,15005,24769
761,0,13104,27617,27617,28115,26755
762,0,8679,25130,25130,29582,25494
763,11,2158,28000,24175,15072,28628
764,0,11107,15129,15129,26606,24077
765,1,7440,22422,22847,22422,19490
766,0,8087,24341,24341,25722,21742
767,0,12279,20825,20825,22474,15828
768,3,7494,24421,24923,26788,26894
769,0,2353,14984,14984,28327,28625
770,0,2888,24216,24216,27390,25589
771,1,13173,15151,25521,15151,27778
772,0,7461,15240,15240,24684,25627
773,18,2955,29060,28528,29310,25287
774,0,4353,15478,15478,17648,19196
775,0,14061,25159,25159,28234,28346
776,0,6892,23288,23288,16596,22602
777,0,12348,23685,23685,19790,19509
778,0,13829,28884,28884,24799,24957
779,0,6366,26223,26223,28009,26969
780,2,5482,15052,18368,15824,15052
781,9,14509,30267,28949,27322,23889
782,29,3105,28346,23777,15230,29517
783,25,8299,19144,17161,20551,20567
784,0,11979,26149,26149,27122,28654
785,17,7891,23063,21868,22461,22237
786,0,11279,18293,18293,18428,15960
787,0,7769,24721,24721,25884,26075
788,0,14165,27980,27980,27708,25483
789,0,14050,28191,28191,14969,15019
790,0,9196,26664,26664,26270,24459
791,0,8831,17376,17376,18025,18535
792,12,5863,23807,26493,27039,24421
793,2,3839,15309,26049,24900,15309
794,1,11029,29802,29809,29802,21152
795,3,2887,20601,16273,19396,19079
796,27,13705,17842,21742,17991,22954
797,0,9193,27002,27002,23883,28766
798,0,1624,25324,25324,24312,26613
799,5,12035,26288,26992,29723,27379
800,0,2909,26794,26794,28947,27039
801,23,7641,22132,22593,19849,17650
802,0,5646,28398,28398,24770,28103
803,56,11327,15321,18281,20279,16094
804,0,10598,23876,23876,27722,28830
805,0,9968,19678,19678,15313,21816
806,0,4926,25659,25659,24412,23876
807,0,2856,29535,29535,26058,29060
808,1,2994,23569,16813,23569,22339
809,0,8044,28304,28304,30153,25551
810,3,4566,20113,23210,19144,17161
811,0,553,24820,24820,25902,24097
812,38,3084,23209,18342,21652,18087
813,0,10046,26690,26690,28947,28982
814,15,2636,24312,28300,26613,25773
815,0,13408,26966,26966,27774,26309
816,0,3913,28312,28312,26115,29409
817,6,14425,21644,22616,22895,15624
818,0,1270,25212,25212,25211,23759
819,0,9629,27424,27424,27066,29302
820,0,9418,25864,25864,25865,25763
821,145,1911,20583,21036,16340,18015
822,6,13659,26255,30101,28289,23738
823,437,5506,20511,21725,27256,24783
824,0,6762,29339,29339,29093,29565
825,6,6372,19804,15533,30254,30153
826,0,14482,25081,25081,25901,27362
827,8,1841,23200,16941,23337,15499
828,0,10162,25156,25156,23804,24467
829,0,4033,19474,19474,23224,18511
830,0,12241,25689,25689,27957,27910
831,1,12496,24380,28000,24380,27898
832,0,8911,23518,23518,20291,15890
833,0,3542,17185,17185,22250,17709
834,0,11789,25311,25311,26613,27088
835,0,8884,18535,18535,21108,22687
836,2,9823,27785,25773,29024,27785
837,435,1069,23310,28391,24936,30261
838,0,10098,17152,17152,16028,21597
839,12,602,15472,16273,19396,27687
840,0,6283,19547,19547,17170,22530
841,0,9348,27872,27872,24902,27548
842,0,12013,15976,15976,18771,16655
843,57,14671,29612,15147,27923,25595
844,123,8677,27895,30324,29044,30347
845,0,10937,20445,20445,21670,22581
846,0,7421,27835,27835,24111,26599
847,0,9210,26399,26399,26740,26792
848,0,10312,27419,27419,25955,28591
849,0,3889,23866,23866,28766,27520
850,0,12916,20072,20072,20250,20110
851,0,5357,19671,19671,15877,22178
852,111,13852,25261,25494,25421,25409
853,0,3972,16242,16242,18137,17332
854,8,11411,24459,24138,23859,24938
855,0,10324,25394,25394,28480,27218
856,64,5979,22705,19144,17161,17653
857,13,10360,19849,21212,22848,23557
858,0,10769,17320,17320,22724,20300
859,0,3623,24107,24107,24106,25798
860,0,12480,16483,16483,22089,20324
861,0,3295,15196,15196,27097,28346
862,0,12322,28863,28863,16105,21118
863,0,4511,24767,24767,27584,24884
864,9,5307,15837,17376,18535,29471
865,0,2305,16199,16199,17152,19619
866,9,3223,15629,19069,15005,24769
867,0,2756,17389,17389,18368,15493
868,9,14332,27066,26601,24323,27479
869,0,12018,23809,23809,23808,24529
870,0,935,27801,27801,27404,24628
871,0,4860,24128,24128,24234,27880
872,0,4754,15543,15543,18320,19490
873,8,13546,24329,27756,28442,28077
874,2,3000,20763,17476,16493,20763
875,0,7644,29606,29606,27307,24323
876,0,5892,25530,25530,27343,25079
877,0,6184,26886,26886,24767,24449
878,1,4096,20514,16220,20514,21204
879,7,8233,21890,18882,23621,17161
880,0,3092,15324,15324,20380,18457
881,0,6041,19000,19000,22346,17266
882,0,11028,20980,20980,23383,23650
883,0,600,20412,20412,16094,21816
884,0,3757,29461,29461,26672,24961
885,0,6438,22012,22012,20113,20863
886,0,10525,25208,25208,24296,25207
887,0,10120,25051,25051,25755,23855
888,0,13939,26522,26522,28300,28903
889,336,13797,29645,29801,29790,21118
890,0,4838,23400,23400,21354,20938
891,3,5904,22265,23636,19790,19305
892,0,13198,28327,28327,28625,26856
893,24,7357,19120,16944,21134,19667
894,0,10717,30111,30111,24442,29071
895,0,7374,21088,21088,22110,23129
896,0,12903,25211,25211,25264,25898
897,0,1359,17962,17962,23057,23518
898,0,7130,15028,15028,15470,14978
899,0,1685,24580,24580,24930,28528
900,0,1816,15854,15854,17387,17709
901,0,472,15003,15003,21788,16496
902,0,10694,29000,29000,24936,25250
903,0,3299,16795,16795,19314,17643
904,0,11011,15342,15342,20975,21576
905,4,8740,27014,24077,26606,15066
906,0,6048,22357,22357,17387,18819
907,11,8361,19596,18281,18800,18087
908,0,6091,18050,18050,20559,17360
909,0,12117,25174,25174,24602,27039
910,0,3667,15203,15203,25846,24106
911,0,12092,27838,27838,23921,25311
912,1,11740,28107,28899,28107,29488
913,0,2802,23550,23550,18915,16733
914,555,14608,20389,30146,28553,26170
915,0,3886,26754,26754,29441,27982
916,0,12919,29669,29669,29801,28032
917,0,14473,25680,25680,28027,29387
918,16,6160,23599,22459,23279,18313
919,0,6697,17194,17194,20705,21022
920,5,4835,20924,20553,22554,15871
921,22,9677,28435,28947,29481,26660
922,0,6237,27809,27809,27324,26926
923,0,10321,28025,28025,26126,28448
924,0,7399,25366,25366,24467,23804
925,0,11821,19736,19736,15803,23068
926,0,2463,27358,27358,24938,26788
927,3,10830,21358,23333,22253,20109
928,3,5511,28696,28553,29420,27103
929,2,13588,29677,29651,29684,29677
930,5,12275,29653,29640,29673,29668
931,0,9558,23701,23701,19772,17937
932,170,9640,16516,23173,23209,20583
933,0,6722,29771,29771,23859,29203
934,8,10669,29012,25221,29392,27070
935,0,4403,19153,19153,18511,19474
936,0,9593,22935,22935,23072,22006
937,1,12287,29248,26261,29248,29680
938,0,7011,29291,29291,27255,24111
939,0,9107,18700,18700,20916,20081
940,0,9964,27070,27070,27872,24133
941,214,704,15967,22692,16825,19468
942,0,9567,23405,23405,16493,20763
943,0,13906,27124,27124,27198,21118
944,0,10692,22882,22882,24501,22489
945,48,9610,26006,28398,24607,27382
946,0,3079,27963,27963,29093,29447
947,1,11049,16381,14997,16381,30136
948,2,7937,25499,24329,24891,25499
949,0,11739,21784,21784,22376,22849
950,0,7338,26614,26614,28973,27589
951,0,11957,25010,25010,23738,24175
952,0,11812,22001,22001,22445,20059
953,0,5095,25628,25628,27182,26672
954,62,3332,28510,24585,28553,26390
955,0,4485,19305,19305,19865,19772
956,0,8934,16391,16391,22039,23650
957,0,1227,15627,15627,22564,16528
958,0,5893,23496,23496,16813,22593
959,0,1513,29574,29574,27835,29565
960,0,366,22136,22136,22031,23239
961,12,3307,14960,15159,23876,25654
962,0,8745,23563,23563,29568,23057
963,0,1384,28204,28204,29742,29152
964,0,12027,18996,18996,20389,21088
965,0,14426,26438,26438,27695,26223
966,0,2669,28626,28626,27019,28091
967,7,2369,21741,21204,18368,15824
968,0,11365,27427,27427,25589,27492
969,90,11933,27479,25264,28549,28361
970,0,11854,25322,25322,23876,27609
971,0,7690,29742,29742,28103,29011
972,1,11919,29468,25461,29468,28460
973,0,7022,15969,15969,22028,23137
974,14,4781,27107,24444,24902,28819
975,1,8644,29447,26672,29447,27023
976,0,1256,28914,28914,25690,28636
977,0,10036,25298,25298,25861,24529
978,0,6976,28374,28374,29105,26126
979,0,11099,26923,26923,24979,29066
980,0,1824,19079,19079,17709,29730
981,0,14836,26583,26583,26339,28107
982,0,8326,24754,24754,28790,27841
983,25,5998,18108,30279,17291,21617
984,0,2947,16903,16903,18440,17387
985,2,13561,21191,19217,17943,21191
986,2,9283,19642,21353,22594,19642
987,1,5677,20809,18256,20809,19305
988,0,13261,29801,29801,28032,29790
989,0,868,18915,18915,15722,23550
990,1,8942,29044,25097,29044,27826
991,0,1662,29869,29869,24754,27373
992,3,9355,30005,29968,30101,29930
993,0,13501,25865,25865,25864,25376
994,0,6838,19720,19720,29840,19516
995,48,2475,19490,24849,25577,28361
996,4,5713,19310,17161,19144,17653
997,8,12788,28460,24757,27653,27168
998,0,6236,17848,17848,23635,16464
999,1,7679,15886,20701,15886,20511
1000,0,8561,17718,17718,15052,25807
1001,2,11216,24544,26043,28947,24544
1002,10,3548,19879,20167,15827,23143
1003,22,11552,23215,15254,23674,23429
1004,0,2897,28563,28563,27957,24886
1005,0,8846,21036,21036,18015,16340
1006,75,210,22862,22411,15725,20292
1007,0,6250,29756,29756,26348,24628
1008,0,109,21456,21456,17161,17653
1009,0,7219,25335,25335,25053,24102
1010,28,13897,26963,25502,27880,27609
1011,0,6761,28448,28448,28156,26452
1012,1,14245,30115,24175,30115,26817
1013,4,11759,16724,16275,22497,20707
1014,1,464,29639,29633,29639,29640
1015,13,5993,20250,22849,18447,23293
1016,59,14748,28175,27923,29044,25917
1017,0,1625,27489,27489,24421,26252
1018,0,8992,25089,25089,29819,27198
1019,50,13693,26346,29138,29300,26935
1020,90,7483,15634,16340,21036,19669
1021,0,12515,22523,22523,21370,18645
1022,287,13007,28625,27520,29453,25013
1023,21,13178,28194,30115,29071,29270
1024,1,6143,28229,28393,28229,29302
1025,0,7119,21773,21773,22012,22395
1026,0,11283,25616,25616,24652,25903
1027,0,6453,20909,20909,15803,23293
1028,91,6286,27703,24754,27653,26703
1029,0,5343,21670,21670,20324,22581
1030,1,13517,28670,25200,28670,27218
1031,21,8468,29064,27404,29756,25723
1032,0,10359,25013,25013,25856,27102
1033,2,9849,24025,23883,28443,24025
1034,0,8314,21592,21592,21651,22026
1035,0,1988,15793,15793,23103,18904
1036,8,13685,25338,24923,28212,26292
1037,0,11861,25418,25418,25898,25854
1038,0,7075,17170,17170,18365,17377
1039,0,6375,24029,24029,25644,25507
1040,0,8832,28383,28383,28819,24902
1041,0,13815,25861,25861,25298,26888
1042,0,3921,16496,16496,16221,19772
1043,5,7232,28300,24359,27168,25447
1044,0,26,16529,16529,20800,16983
1045,0,4398,24351,24351,25859,23876
1046,0,13101,18867,18867,21117,16739
1047,3,11627,29488,24727,24214,28107
1048,0,10186,27019,27019,25055,24757
1049,2,6334,19304,22765,15837,19304
1050,122,12680,28393,25342,27010,24106
1051,0,12264,25233,25233,25817,24421
1052,56,10919,17464,22895,22279,23333
1053,1,4719,22800,23523,22800,21739
1054,0,12706,29844,29844,21395,26966
1055,0,767,29093,29093,24628,29756
1056,0,2786,28275,28275,29706,25645
1057,4,5708,29069,27404,26214,26058
1058,0,9685,23137,23137,18865,20909
1059,0,7417,19790,19790,23557,16886
1060,0,7448,23001,23001,22581,16186
1061,1,10913,27987,25216,27987,25817
1062,0,10895,25755,25755,26697,28396
1063,0,11458,22929,22929,22368,22376
1064,10,216,15078,15109,24856,15148
1065,0,412,23317,23317,21576,19827
1066,9,13026,23411,29888,22423,23652
1067,0,11106,25691,25691,26867,25366
1068,0,12371,23835,23835,29486,28626
1069,0,8079,30093,30093,28874,30038
1070,51,8353,24032,28962,27056,25985
1071,0,3083,15197,15197,26868,30319
1072,1,4807,25736,25886,25736,27107
1073,0,7800,28947,28947,28962,26703
1074,3,8372,27201,27757,26599,23898
1075,0,13819,25875,25875,24529,27695
1076,0,6287,17007,17007,21156,20225
1077,0,4414,24102,24102,25053,27731
1078,1,12921,27851,28947,27851,27390
1079,0,3354,24847,24847,25206,28133
1080,0,6768,29545,29545,26058,28311
1081,0,2683,22360,22360,19547,15533
1082,0,5016,18874,18874,23178,22411
1083,1,9071,23636,22265,23636,22593
1084,70,5174,20814,18281,20279,18591
1085,0,13676,23060,23060,26638,23261
1086,1,13793,27826,24701,27826,25856
1087,1,9302,24332,26170,24332,25264
1088,0,3610,29588,29588,25530,26223
1089,0,5882,23182,23182,20473,23047
1090,0,2988,26136,26136,24133,28636
1091,0,13787,28091,28091,28570,24884
1092,0,551,19680,19680,21592,20324
1093,0,11493,19708,19708,18625,20043
1094,0,8444,28929,28929,29310,25886
1095,0,1755,28325,28325,24886,25903
1096,1,12770,25634,23964,25634,24182
1097,0,3756,20015,20015,17516,16795
1098,6,2179,24783,29517,29366,25917
1099,1,14294,28687,24698,28687,27703
1100,0,8878,29706,29706,29153,28150
1101,0,14785,26536,26536,23759,26963
1102,6,4851,21406,20522,21868,22213
1103,0,11319,16636,16636,20412,21422
1104,0,8017,24628,24628,29005,28312
1105,0,7431,29011,29011,29495,27404
1106,56,1273,26674,26703,26755,28570
1107,103,1889,23099,23514,20522,21652
1108,0,3151,29380,29380,26160,26697
1109,0,14894,29817,29817,29566,15411
1110,73,5842,28056,29263,30320,23889
1111,0,8728,17580,17580,21342,16528
1112,116,8788,20146,20223,18844,16403
1113,141,5392,17650,20666,23411,20296
1114,26,10997,18844,23621,18893,19144
1115,0,11584,25026,25026,24529,26052
1116,2,1179,24886,24326,26894,24886
1117,0,896,29005,29005,29392,27255
1118,0,4882,25798,25798,14984,15159
1119,14,4316,27544,28443,23883,27002
1120,0,8937,26873,26873,25942,24902
1121,0,9963,19449,19449,16786,21148
1122,0,6645,19643,19643,19519,23057
1123,1,7742,29026,24111,29026,29393
1124,7,11189,17619,18348,22459,23103
1125,0,579,16809,16809,22452,23411
1126,0,2467,22178,22178,19671,15877
1127,0,7295,25161,25161,25959,25046
1128,0,12889,20382,20382,16493,23405
1129,0,8921,28705,28705,28819,26689
1130,0,11413,19909,19909,21675,22597
1131,0,1445,29216,29216,24177,27880
1132,0,1589,17332,17332,21022,15732
1133,0,8124,24377,24377,28591,25068
1134,6,10183,22349,21920,21758,20146
1135,0,1529,24637,24637,28350,26856
1136,0,2635,29582,29582,25130,24936
1137,6,7875,20551,17161,21456,19144
1138,0,2439,20292,20292,15725,22796
1139,0,1477,20067,20067,21070,18771
1140,0,9399,27500,27500,23993,24880
1141,0,8525,27651,27651,26108,23772
1142,255,7060,24884,27122,27609,23852
1143,0,13367,29920,29920,29922,30267
1144,0,13344,23837,23837,24814,24767
1145,0,8175,22692,22692,19468,16825
1146,1,9268,29147,22301,29147,15475
1147,0,4312,26083,26083,29578,29555
1148,0,5945,22530,22530,22692,22765
1149,0,903,21506,21506,22497,20001
1150,0,668,18365,18365,23047,20296
1151,0,5436,23804,23804,26712,26613
1152,2,12303,25342,27040,26223,25342
1153,0,9354,30247,30247,30292,30267
1154,0,7977,25725,25725,20250,24056
1155,0,3016,23103,23103,21959,22575
1156,0,5959,25164,25164,27489,29064
1157,0,9313,29790,29790,28032,30146
1158,0,2726,21163,21163,19010,19780
1159,0,399,23057,23057,19643,17962
1160,0,10475,25645,25645,28919,29252
1161,0,304,28982,28982,26133,25483
1162,24,8856,23429,21358,23333,22838
1163,0,836,23538,23538,20081,22376
1164,0,12860,28842,28842,27865,25197
1165,0,7388,24851,24851,29861,24668
1166,0,12970,24328,24328,24884,24384
1167,4,12246,18589,17779,21929,23557
1168,0,5236,25121,25121,28103,27872
1169,0,13366,27464,27464,24421,28679
1170,0,7163,29310,29310,24902,29704
1171,0,7078,16272,16272,23650,20043
1172,0,12283,27739,27739,29160,28771
1173,0,11351,27249,27249,24421,24754
1174,6,2540,17053,30327,30198,23165
1175,9,3098,20553,21036,18015,16340
1176,0,7900,27905,27905,29958,29952
1177,0,8948,29095,29095,27056,29191
1178,0,601,26165,26165,29012,26325
1179,1,5996,18717,18050,18717,17360
1180,0,8216,24664,24664,25304,24156
1181,0,2859,25699,25699,20128,26735
1182,0,4730,22656,22656,17037,21929
1183,0,4329,28676,28676,27256,26311
1184,1,2567,21366,21522,21366,18023
1185,41,1365,30121,30001,24175,26255
1186,4,1781,27891,26992,27379,25983
1187,14,6056,21267,18087,18281,16886
1188,0,1843,21834,21834,23383,23650
1189,44,12675,25409,26504,27682,28435
1190,0,5072,24027,24027,15342,27887
1191,0,3633,24910,24910,27382,29447
1192,0,11536,27775,27775,30163,26734
1193,13,8390,28969,27382,29481,27070
1194,7,7676,25794,28128,28696,29373
1195,11,14478,26935,29138,28346,29096
1196,11,10515,24902,25287,29310,29756
1197,0,14517,26606,26606,26549,15129
1198,0,4286,18819,18819,20920,22357
1199,0,5960,27541,27541,26058,24961
1200,0,4479,16688,16688,20059,16792
1201,7,94,26058,24628,29756,26247
1202,0,6356,23251,23251,23383,22597
1203,0,7445,26981,26981,29268,23772
1204,0,10146,24449,24449,27851,27885
1205,0,2175,18301,18301,16658,17569
1206,18,13875,27283,28572,28790,24323
1207,0,5961,20768,20768,18908,16688
1208,0,4105,20762,20762,22075,18112
1209,0,3209,29328,29328,29299,25157
1210,53,10773,19107,20888,17007,22497
1211,0,11910,17328,17328,15313,18889
1212,0,8196,21626,21626,30166,24783
1213,598,14381,26676,25342,24613,29044
1214,0,5337,29761,29761,29735,22001
1215,5,2715,28117,28305,27382,27070
1216,1,96,15006,14960,15006,18718
1217,0,5087,29152,29152,28961,28204
1218,0,7861,21750,21750,18447,19667
1219,4,12753,23170,16132,22110,23200
1220,0,5865,25447,25447,28180,26149
1221,0,8037,24228,24228,27228,25342
1222,2,11282,29366,29044,25917,29366
1223,3,13010,28350,28027,29481,28947
1224,0,3222,30099,30099,24891,29939
1225,0,11733,24979,24979,23900,26923
1226,0,4037,15127,15127,27215,28056
1227,0,2983,26240,26240,24057,24056
1228,0,12992,29795,29795,29370,28674
1229,0,6153,22452,22452,20809,21750
1230,0,11426,20111,20111,18996,17990
1231,0,522,30240,30240,25203,30254
1232,50,7654,28053,26133,26894,28169
1233,0,14606,25046,25046,25959,25156
1234,0,12024,20232,20232,17643,15499
1235,3,6526,19424,17969,17777,20279
1236,10,9546,17302,18087,30279,21267
1237,9,6098,27404,26214,26754,29461
1238,0,12386,25285,25285,27373,28572
1239,0,2940,23650,23650,20250,22773
1240,0,1147,19172,19172,15107,17152
1241,0,8883,24412,24412,24413,25337
1242,8,10047,15230,28563,27957,24886
1243,53,13100,24896,15206,27440,15147
1244,126,9476,23557,22656,17769,19490
1245,0,12982,23830,23830,24413,26049
1246,0,6588,22049,22049,22611,22575
1247,0,11100,29146,29146,29578,28987
1248,0,4444,27126,27126,24968,28734
1249,0,5729,21022,21022,15831,22245
1250,0,9125,16094,16094,16886,20904
1251,6,2288,20311,16264,21948,22346
1252,0,5586,22089,22089,23001,16483
1253,0,2171,27827,27827,29209,24462
1254,63,3377,27255,28590,27382,26708
1255,60,4055,28080,27404,29069,27801
1256,11,6345,23261,29852,15325,23138
1257,0,11109,21340,21340,16809,22724
1258,0,8923,28276,28276,28194,29318
1259,0,11964,24589,24589,24936,24773
1260,0,3205,26108,26108,24111,29277
1261,13,11290,29381,25287,27404,29756
1262,0,14447,29833,29833,27198,25865
1263,0,13177,27373,27373,27167,24106
1264,0,6460,24588,24588,27910,27385
1265,0,14506,29812,29812,24707,26954
1266,0,12678,15213,15213,15172,28654
1267,0,7491,22581,22581,21670,16483
1268,0,5154,28722,28722,29447,26247
1269,0,3582,20749,20749,15863,16809
1270,0,6513,26184,26184,28086,25589
1271,8,12945,21134,21395,29844,20389
1272,0,2394,25168,25168,25169,26049
1273,0,7496,18368,18368,21422,15052
1274,3,6853,27880,25502,26926,26676
1275,0,6941,25690,25690,29756,26058
1276,0,149,15687,15687,23215,23700
1277,0,14510,15147,15147,25967,27653
1278,0,5879,22742,22742,15624,21601
1279,2,11040,20652,20286,17741,20652
1280,0,12471,26699,26699,24884,26437
1281,0,11717,26822,26822,28000,30132
1282,12,13285,26170,24323,30306,26006
1283,0,11207,19636,19636,17324,17065
1284,0,1291,26049,26049,24900,25730
1285,6,3155,26311,29154,23978,28888
1286,0,3750,22999,22999,23518,18803
1287,0,2704,25983,25983,28179,26992
1288,82,6115,27731,28947,26043,28009
1289,0,3831,26235,26235,28961,25917
1290,0,7515,18526,18526,22250,17305
1291,2,14808,26392,24756,25917,26392
1292,1,6711,19641,20081,19641,20167
1293,14,10729,14962,29183,23907,29373
1294,0,1479,26934,26934,26933,26585
1295,14,3149,22395,21652,22012,23011
1296,53,2810,22912,19849,23411,16642
1297,0,4563,29680,29680,29248,28547
1298,0,2996,17717,17717,16511,20609
1299,0,12922,22423,22423,25728,29888
1300,2,4020,20724,29147,19016,20724
1301,1,7648,26838,23928,26838,25494
1302,31,8211,27256,27669,15250,15249
1303,1,5652,28135,26247,28135,26672
1304,0,1307,27105,27105,24056,26240
1305,0,12080,16886,16886,18281,22848
1306,0,12490,28009,28009,26223,26292
1307,0,11542,18987,18987,23569,20652
1308,0,955,25236,25236,28722,26073
1309,0,1828,24456,24456,29339,29093
1310,0,2249,15107,15107,19172,20809
1311,1,1634,26450,18629,26450,16035
1312,0,6350,20927,20927,23159,21742
1313,0,7444,27379,27379,26992,28179
1314,0,9897,25656,25656,25889,25527
1315,10,6105,20225,22912,17943,23047
1316,116,6290,27103,24106,26465,25264
1317,6,13322,15229,15196,27097,15249
1318,0,10716,26623,26623,25481,26106
1319,0,192,26490,26490,26381,27922
1320,0,10239,19468,19468,16264,21948
1321,3,1663,28875,27761,15217,27416
1322,0,4139,23554,23554,23210,22395
1323,0,5076,17643,17643,20652,23200
1324,2,12815,29684,29677,26766,29684
1325,0,11394,27445,27445,25515,28642
1326,0,3085,29517,29517,25097,23777
1327,0,1082,19025,19025,19869,15871
1328,0,2445,21395,21395,29844,26966
1329,0,2773,14996,14996,29566,25995
1330,66,13195,28771,28962,25264,25421
1331,0,8478,15475,15475,29147,19016
1332,0,9152,25171,25171,24991,25527
1333,0,13302,24680,24680,24687,25870
1334,0,5722,22081,22081,21731,16733
1335,1,12929,29673,29684,29673,29677
1336,66,10827,28877,24175,28289,29071
1337,0,5927,21933,21933,20242,23413
1338,0,10265,26097,26097,25311,27390
1339,1,3035,27903,25617,27903,26288
1340,0,14138,26059,26059,25031,26308
1341,0,7085,19192,19192,29680,18629
1342,6,186,15206,27373,15182,15147
1343,0,14318,24138,24138,24938,26630
1344,0,11761,25228,25228,24581,23883
1345,0,3064,21635,21635,16274,15687
1346,83,5284,16941,22132,18851,23357
1347,2,9894,23072,22006,16755,23072
1348,0,6954,27708,27708,27980,25654
1349,0,920,24368,24368,26404,15159
1350,0,937,29153,29153,29299,24026
1351,0,2702,25084,25084,28969,25628
1352,0,2206,22302,22302,18526,15871
1353,0,10500,19373,19373,16637,22431
1354,13,8235,21495,21652,20522,22485
1355,0,10240,24174,24174,24421,26311
1356,0,13510,24987,24987,26766,28450
1357,0,102,29888,29888,25728,23652
1358,0,9362,19780,19780,18025,18892
1359,0,5669,17476,17476,19680,20324
1360,0,7269,22613,22613,21681,18052
1361,3,4235,27669,27102,26703,24701
1362,0,6028,24787,24787,26788,26712
1363,0,7261,22966,22966,18293,19715
1364,3,3224,30153,24912,24228,26223
1365,0,10887,22430,22430,15582,23170
1366,9,1267,19841,22489,23494,23215
1367,0,8850,25496,25496,29565,25644
1368,0,8021,27390,27390,28947,26133
1369,0,9858,19669,19669,21906,15313
1370,0,5924,16596,16596,27835,19827
1371,0,14073,26167,26167,28481,28214
1372,44,2214,17780,18087,20279,15313
1373,0,2566,21522,21522,18023,21366
1374,4,7612,29028,24607,28869,27694
1375,0,2026,24477,24477,25939,25964
1376,5,4171,21389,18087,19281,21956
1377,0,650,21226,21226,15656,20303
1378,0,8387,28150,28150,29005,24820
1379,0,14081,28404,28404,27039,27880
1380,0,10010,24408,24408,29049,24449
1381,0,722,15280,15280,21689,21834
1382,0,9317,27704,27704,27393,29544
1383,0,4829,22006,22006,23072,16755
1384,0,3112,26969,26969,25650,24992
1385,2,511,22213,21315,20551,22213
1386,6,1131,19330,18851,22132,19654
1387,0,14187,15352,15352,20127,19879
1388,13,13998,25521,25660,25255,27653
1389,1,14733,26148,29202,26148,15148
1390,0,5055,30031,30031,29948,30005
1391,0,8149,21052,21052,29708,22999
1392,37,8848,22593,19330,15614,20407
1393,0,6496,17937,17937,22497,15313
1394,0,10309,26734,26734,25394,27775
1395,0,14660,15180,15180,26674,24234
1396,0,14672,26106,26106,25587,24226
1397,211,10414,29138,29096,25371,26465
1398,0,4238,27646,27646,24910,27548
1399,17,12159,22443,20916,22656,17037
1400,0,13340,28214,28214,28947,26149
1401,0,12592,19253,19253,22593,15499
1402,0,1412,25623,25623,23993,23809
1403,95,14664,26534,27865,26347,28947
1404,0,5771,28712,28712,24628,27382
1405,0,12718,18927,18927,17834,18968
1406,0,2375,21879,21879,20303,19909
1407,136,12072,26900,24575,25865,25220
1408,5,9765,26738,28482,27404,24111
1409,0,11760,24581,24581,25228,25654
1410,0,7860,18590,18590,22357,16335
1411,0,5672,19516,19516,21735,17580
1412,0,4175,30254,30254,28987,30214
1413,0,9257,28921,28921,29653,24761
1414,0,9078,27440,27440,15206,24106
1415,0,3201,20300,20300,22724,22346
1416,7,3887,17762,22178,22070,19215
1417,24,2796,21315,20551,17161,16403
1418,0,11538,27713,27713,29408,27982
1419,0,7493,28005,28005,27545,15309
1420,0,10256,23499,23499,22520,20127
1421,0,2010,28824,28824,24529,25654
1422,0,10376,26933,26933,26934,26977
1423,0,9384,20453,20453,16642,21816
1424,0,1543,27761,27761,28874,24442
1425,264,4768,20473,19879,22376,16619
1426,764,1319,19067,16886,18281,18087
1427,1,4116,28280,27191,28280,26498
1428,0,10731,24495,24495,23921,27923
1429,1,8746,29420,29481,29420,29387
1430,65,7609,29566,24175,28000,27977
1431,0,11194,22026,22026,21670,22581
1432,0,12491,22459,22459,21320,19849
1433,0,5477,27325,27325,28856,26672
1434,2,4009,30320,30258,30292,30320
1435,2,12091,29285,26622,25421,29285
1436,25,13046,30146,28024,29795,29801
1437,0,10437,19314,19314,17991,23215
1438,36,11438,16275,17442,19468,22848
1439,0,136,26355,26355,26740,24278
1440,20,771,27167,28734,24968,27126
1441,0,13579,25817,25817,25233,24253
1442,84,12455,15736,22494,21773,20113
1443,0,9349,29066,29066,27880,28654
1444,0,10854,29819,29819,27397,25589
1445,12,12254,28679,24384,24328,25156
1446,1,9711,28103,25121,28103,29869
1447,0,7122,20590,20590,17523,23545
1448,62,441,27385,29517,25097,15230
1449,2,9895,21725,29420,24071,21725
1450,0,11589,17307,17307,23104,23518
1451,1,10617,24985,24579,24985,27097
1452,0,9145,26073,26073,23772,28383
1453,0,7413,15363,15363,26355,18982
1454,0,12614,25155,25155,24544,26935
1455,0,3849,24026,24026,25157,28685
1456,8,9499,21212,16886,16094,19341
1457,0,4429,24891,24891,15072,25551
1458,3,12368,29302,25138,29285,25494
1459,0,1426,30006,30006,29968,30005
1460,0,617,18629,18629,29147,15475
1461,0,5686,16012,16012,19780,18121
1462,0,2691,29708,29708,26288,29447
1463,0,153,22389,22389,21750,22452
1464,0,6544,28948,28948,29203,28246
1465,10,7405,28750,28280,29246,27660
1466,0,8607,25617,25617,29012,26730
1467,1,1106,29553,27701,29553,29381
1468,0,12196,16025,16025,18908,19849
1469,101,5298,22460,21933,19790,21456
1470,75,12687,20109,21644,22895,22073
1471,0,11639,22533,22533,22328,16220
1472,0,4476,27824,27824,26392,15151
1473,1,7371,20059,18511,20059,21342
1474,0,12731,17615,17615,22705,21506
1475,0,9675,20164,20164,22376,23247
1476,0,11503,15122,15122,25955,27397
1477,0,4791,15740,15740,21001,23326
1478,0,4052,24175,24175,29071,30101
1479,1,6421,19734,22132,19734,18851
1480,9,12868,28077,27416,15072,28875
1481,0,2629,29704,29704,27070,29869
1482,0,1581,29409,29409,28312,29093
1483,29,9952,21353,22132,18851,19215
1484,11,2393,15215,27520,26674,27322
1485,0,12636,26208,26208,26755,27669
1486,0,3412,25481,25481,26623,23845
1487,0,894,22710,22710,17619,20023
1488,35,7455,29318,29071,26817,27977
1489,0,7757,27931,27931,26672,26754
1490,6,4524,23165,30287,30198,30327
1491,0,13996,26746,26746,25519,23993
1492,0,3726,28473,28473,27887,24930
1493,0,3117,28027,28027,29481,27068
1494,47,9463,19040,22355,18087,22489
1495,0,12838,27196,27196,27122,25409
1496,0,10082,16192,16192,28464,18368
1497,0,12542,22293,22293,29081,23650
1498,0,6982,15746,15746,23224,19519
1499,2,7898,25206,29484,26738,25206
1500,0,2956,20747,20747,24610,29817
1501,0,1789,18415,18415,16274,19549
1502,2,12040,18023,21522,21366,18023
1503,0,9394,22300,22300,23047,19284
1504,0,11784,19600,19600,22728,17324
1505,3,5514,26177,24369,26602,25854
1506,1,12501,26961,15140,26961,25349
1507,8,6833,22848,18087,16886,16094
1508,0,8938,17316,17316,17638,16511
1509,5,5849,27756,25551,28442,30064
1510,0,3561,29484,29484,28482,29447
1511,0,7680,15850,15850,20609,18683
1512,0,4828,30292,30292,30258,29861
1513,0,3567,18932,18932,20349,23096
1514,0,13572,25079,25079,26513,25530
1515,0,9749,24947,24947,24031,26712
1516,0,13824,24991,24991,28175,25171
1517,0,2911,28466,28466,25364,24613
1518,0,2580,24707,24707,28032,29662
1519,0,13526,20001,20001,17310,20279
1520,0,11441,23970,23970,26079,25860
1521,0,6502,16655,16655,17194,15976
1522,7,1056,29252,28150,27023,28961
1523,0,14860,24922,24922,25220,24413
1524,1,11287,30272,30328,30272,30240
1525,0,9762,28394,28394,24612,25663
1526,0,14018,21889,21889,21506,15313
1527,0,1282,23297,23297,26288,18932
1528,0,4298,18683,18683,19527,17717
1529,12,9824,17181,22113,20389,15736
1530,1,12164,28509,27788,28509,26900
1531,22,1570,21920,22705,20146,23063
1532,0,11642,19138,19138,23001,22089
1533,0,5420,26500,26500,24872,25366
1534,50,11456,15499,15313,18608,19669
1535,0,11873,25376,25376,27184,24529
1536,0,13228,24422,24422,25421,29481
1537,0,9281,24504,24504,23952,24668
1538,0,10497,29532,29532,27713,28712
1539,156,13789,25527,25728,26755,27034
1540,69,7610,20888,23494,18882,19659
1541,210,8046,26314,15148,25967,27373
1542,0,11339,16105,16105,18664,16306
1543,0,2374,15533,15533,17411,23701
1544,0,2747,26977,26977,25394,24687
1545,0,13151,26147,26147,26763,27023
1546,0,10988,28071,28071,29160,27066
1547,0,2218,24571,24571,28689,24684
1548,0,7500,20040,20040,16619,22530
1549,17,4472,16274,20814,19107,19330
1550,0,12097,24177,24177,25447,25369
1551,83,1022,19659,18591,16094,21742
1552,0,6131,23525,23525,21899,16786
1553,14,7965,26390,29740,24607,27694
1554,0,10319,27166,27166,29299,24026
1555,4,10007,27842,27393,29252,29299
1556,0,6306,18998,18998,16733,21088
1557,0,607,22411,22411,23224,20292
1558,0,12690,26513,26513,25079,25250
1559,0,14154,28354,28354,27102,25856
1560,0,1568,15389,15389,16028,20532
1561,215,5965,17442,18320,23215,19304
1562,0,14115,15930,15930,18606,15313
1563,0,746,21556,21556,18645,19918
1564,0,5811,25903,25903,25497,29486
1565,0,10169,29533,29533,27023,27204
1566,0,12625,26021,26021,28300,27124
1567,0,11489,25421,25421,27653,25480
1568,5,3021,26868,24812,27322,24032
1569,72,4240,24602,23952,26054,24504
1570,0,6384,16507,16507,19578,22862
1571,0,575,15673,15673,19626,18991
1572,1,5140,26806,15127,26806,25433
1573,0,14089,29662,29662,24707,29669
1574,0,8504,29374,29374,29669,29662
1575,7,9118,30134,17467,16261,23165
1576,0,8611,24232,24232,25534,25324
1577,0,1902,16743,16743,21720,17777
1578,5,13792,27010,27773,24071,26043
1579,2,1530,30166,30333,16261,30166
1580,8,1290,25349,15251,26946,24025
1581,1,10164,20392,22639,20392,17629
1582,0,6678,28791,28791,28305,27466
1583,0,8997,26153,26153,23916,27496
1584,0,3691,16028,16028,20043,15389
1585,0,11104,19924,19924,21347,18005
1586,1,10209,16813,15614,16813,15313
1587,0,3453,22931,22931,18256,15389
1588,1,6259,30287,30198,30287,30335
1589,5,3148,30198,23165,30327,30287
1590,2,9571,29958,24550,29999,29958
1591,1,8226,29861,20300,29861,26740
1592,0,8166,19626,19626,15443,22006
1593,0,3296,25053,25053,24102,25335
1594,0,2908,15803,15803,20909,19736
1595,0,4560,22346,22346,20800,17152
1596,0,12158,24050,24050,26169,23807
1597,0,12896,22480,22480,18882,16210
1598,0,941,22905,22905,21659,27545
1599,0,451,29681,29681,29268,29640
1600,0,3460,29441,29441,26672,27931
1601,0,10033,29903,29903,21144,29588
1602,0,3356,18068,18068,22847,15382
1603,0,554,19179,19179,16637,23557
1604,0,12405,24234,24234,24128,15180
1605,337,3469,19341,23165,30198,30327
1606,0,6114,28825,28825,27025,25840
1607,1,5901,27192,28425,27192,28080
1608,0,7737,28097,28097,26214,27404
1609,0,4801,20012,20012,22912,18908
1610,3,5873,28238,14960,30136,14997
1611,0,7947,19501,19501,22530,17981
1612,8,3656,30327,21626,29848,30335
1613,0,12089,16402,16402,29555,15877
1614,0,8344,26965,26965,27325,28538
1615,8,10501,30101,24442,27761,28875
1616,0,12520,24940,24940,25595,24884
1617,0,7840,15250,15250,24422,15249
1618,0,3771,25215,25215,28947,24544
1619,499,13201,16220,20128,22970,27288
1620,4,911,19475,20412,16275,23411
1621,0,1858,17371,17371,27167,29555
1622,36,865,25101,24481,25967,26674
1623,0,5221,26653,26653,25915,28665
1624,7,5442,29578,29471,28572,27322
1625,0,13483,16794,16794,18361,20900
1626,0,11450,21543,21543,21652,19281
1627,0,9033,23582,23582,20296,19804
1628,0,3699,17005,17005,20059,22223
1629,0,11266,22072,22072,22838,22253
1630,79,10412,16387,20652,21422,15563
1631,0,3721,21458,21458,22724,17741
1632,2,2548,22301,19069,24769,22301
1633,1,4387,27841,27945,27841,29517
1634,0,2490,24880,24880,23993,27500
1635,0,18,22818,22818,21052,18771
1636,0,10160,17377,17377,22781,16578
1637,0,5360,24253,24253,27207,25366
1638,23,4971,24467,26613,27124,23943
1639,5,9323,18882,18281,19319,16886
1640,0,12797,19303,19303,20768,17185
1641,0,1885,27075,27075,26821,24422
1642,0,8027,21882,21882,18121,18264
1643,0,2818,27677,27677,29488,28107
1644,0,12973,27972,27972,28229,27609
1645,0,8552,28721,28721,28384,25308
1646,0,11555,15249,15249,28346,15250
1647,0,1405,19952,19952,23578,22773
1648,44,6911,22948,22687,22554,19804
1649,0,10876,19022,19022,23469,27758
1650,0,3902,22993,22993,20224,21315
1651,106,13199,16340,21892,17650,16274
1652,0,10091,18991,18991,19626,16853
1653,0,13081,28718,28718,26149,27880
1654,0,7460,21344,21344,16511,17717
1655,2,4436,20664,21036,18015,20664
1656,1,7083,25846,15180,25846,15203
1657,1,7198,19284,20473,19284,19659
1658,0,9383,23392,23392,17332,16242
1659,0,12531,23943,23943,27039,25955
1660,68,12711,25220,29680,25376,25730
1661,0,8519,29203,29203,28948,28972
1662,373,11980,26602,25846,26347,27773
1663,0,1848,26867,26867,25691,27865
1664,0,11285,27610,27610,27039,24858
1665,11,11724,27852,25264,29096,27167
1666,0,10893,21148,21148,19556,15415
1667,0,9974,17154,17154,22300,21229
1668,2,1388,15053,27841,27945,15053
1669,0,8703,26630,26630,27056,29380
1670,79,2274,19376,18342,18087,18281
1671,0,4246,19185,19185,21652,21389
1672,0,1021,19915,19915,17332,18137
1673,0,1817,18677,18677,21422,22489
1674,0,4076,29387,29387,28858,24657
1675,0,1110,29565,29565,26115,28720
1676,0,8621,15582,15582,23170,20342
1677,0,12242,18256,18256,22137,22250
1678,1,8120,15979,19790,15979,18368
1679,0,1906,23777,23777,25097,29517
1680,1,14300,24296,25208,24296,25502
1681,0,9976,19578,19578,16507,22862
1682,0,6381,25519,25519,26746,26852
1683,10,13306,20324,21592,17476,22026
1684,0,6962,29403,29403,27646,28946
1685,27,5054,28048,29285,28027,25494
1686,0,1362,25138,25138,29302,23998
1687,0,11478,22489,22489,20127,15827
1688,0,7048,23921,23921,28408,24884
1689,0,6759,27524,27524,29420,27104
1690,0,12713,25515,25515,27445,24884
1691,0,11889,25304,25304,24156,24664
1692,1,6380,21617,17291,21617,18087
1693,0,13750,21117,21117,18313,18867
1694,0,4751,16435,16435,18087,18281
1695,0,12620,26328,26328,25312,25055
1696,0,10982,15828,15828,20286,22530
1697,0,4180,30277,30277,30185,30335
1698,0,1152,27170,27170,24961,26754
1699,30,11240,25494,26534,24757,25013
1700,687,14170,23545,29920,29922,15003
1701,0,13950,27974,27974,24470,23759
1702,5,7811,22137,23701,30153,20924
1703,24,12885,17629,19924,23582,23137
1704,0,11001,29999,29999,29930,29952
1705,4,11965,27653,15151,29373,28670
1706,73,3298,17367,16941,21099,16795
1707,0,12732,28024,28024,29370,29663
1708,0,82,30318,30318,30328,30306
1709,0,14585,25671,25671,25409,28962
1710,55,9932,16464,21358,22616,22072
1711,0,3136,16898,16898,20324,16186
1712,14,3386,17264,18281,18087,16886
1713,0,6748,21662,21662,21616,27215
1714,0,12047,24698,24698,27475,28346
1715,0,7817,23978,23978,28570,26697
1716,0,7620,23337,23337,23674,22948
1717,0,13333,24503,24503,25934,26613
1718,0,518,17226,17226,15443,19626
1719,0,10426,16853,16853,18991,19626
1720,63,1170,28323,27185,25075,25600
1721,0,14352,25654,25654,15159,24312
1722,0,2895,25221,25221,27382,29093
1723,0,2728,17871,17871,15725,23224
1724,0,832,24849,24849,25577,28361
1725,0,9526,17741,17741,17152,22724
1726,3,6248,19281,21609,23131,20164
1727,0,9102,24777,24777,26534,25967
1728,70,12178,15093,24757,25101,26392
1729,0,10847,28477,28477,24884,25634
1730,0,8497,23883,23883,27002,25228
1731,0,5642,18457,18457,15793,16688
1732,0,1537,24490,24490,25763,24529
1733,6,2674,25995,24912,24967,26894
1734,0,231,22313,22313,16578,21342
1735,40,1564,24205,29071,27761,28077
1736,0,6733,16044,16044,17360,22593
1737,0,1157,20162,20162,18164,15712
1738,0,6225,25902,25902,27895,28961
1739,0,6349,16528,16528,23178,21931
1740,0,5625,28636,28636,28082,28946
1741,203,7592,17751,22137,21338,18313
1742,0,11557,26703,26703,27772,27102
1743,0,7267,21739,21739,23523,18535
1744,1,8654,24938,27084,24938,24773
1745,0,4985,21070,21070,20067,22818
1746,0,13498,25595,25595,25211,25846
1747,0,3210,16647,16647,17688,15828
1748,0,6705,24635,24635,24815,24421
1749,0,3854,24076,24076,24795,26668
1750,0,13049,28043,28043,26664,24769
1751,0,5793,15382,15382,19986,22847
1752,9,4229,22556,18664,15824,18368
1753,1,12544,27391,24880,27391,25589
1754,20,25,16299,15475,19016,29147
1755,4,13160,27397,24718,26493,24280
1756,0,12329,17688,17688,20473,20958
1757,0,7434,16627,16627,22411,20292
1758,0,10708,19069,19069,24769,23683
1759,1,5157,28078,25369,28078,24177
1760,0,409,25308,25308,28384,29047
1761,0,8554,26553,26553,26172,25053
1762,4,3279,19912,27682,28480,25075
1763,0,10565,24872,24872,26500,24773
1764,0,12525,23247,23247,22466,18159
1765,0,12926,19196,19196,17834,16464
1766,20,3503,25256,30333,30327,30287
1767,3,13379,29160,24421,29113,27584
1768,0,11043,27286,27286,28043,28238
1769,0,7278,24756,24756,26013,29066
1770,0,10187,25663,25663,29888,27039
1771,0,14323,29110,29110,25763,24529
1772,0,11867,28674,28674,26261,29203
1773,0,3761,21681,21681,22613,26763
1774,0,4864,15767,15767,18264,19000
1775,69,5606,25255,15241,15249,15148
1776,238,7755,27773,29268,25600,27694
1777,143,3956,26601,25097,29517,23777
1778,0,1905,17411,17411,15533,22360
1779,0,13515,26308,26308,25089,23824
1780,0,5792,26776,26776,27051,26043
1781,0,356,15084,15084,15098,27826
1782,12,9898,25967,28396,27343,30267
1783,6,7549,22073,23429,20242,23700
1784,9,13396,28289,29270,26817,29071
1785,82,10981,29202,15241,29146,15078
1786,0,8397,22773,22773,18301,17569
1787,0,12586,24858,24858,27610,26676
1788,0,3041,19434,19434,23964,19192
1789,2,2442,24608,26894,26697,24608
1790,4,12439,23159,22527,21320,21816
1791,0,6785,21735,21735,17580,22530
1792,5,14204,27218,27053,25200,26855
1793,0,6136,26348,26348,25221,28305
1794,0,6760,29413,29413,28536,28477
1795,0,5833,21788,21788,16496,16105
1796,0,11650,17991,17991,22113,17312
1797,14,12869,29268,23964,19192,25634
1798,0,557,27309,27309,23898,24902
1799,118,13718,26755,27103,25521,28572
1800,0,10569,18264,18264,17007,19177
1801,0,2681,29454,29454,28289,24175
1802,0,6980,16251,16251,18087,22626
1803,0,8304,24799,24799,28884,28481
1804,0,3801,16792,16792,16335,17981
1805,0,7224,19771,19771,15890,21635
1806,0,3122,27023,27023,29528,28914
1807,0,6108,21922,21922,20109,20051
1808,0,228,17306,17306,19516,19720
1809,0,4138,29105,29105,27201,29086
1810,124,2031,19111,16121,19790,16210
1811,1,2093,27182,24628,27182,25488
1812,1,3640,26992,28179,26992,25983
1813,0,11951,24363,24363,26613,25220
1814,0,242,19918,19918,22715,21370
1815,4,11573,20696,19887,20514,30214
1816,57,9774,18851,21456,21431,18893
1817,136,4492,22687,19887,17769,18363
1818,0,8109,24684,24684,25690,29451
1819,0,9557,22838,22838,21933,22072
1820,6,6621,19217,17653,16758,16636
1821,0,1631,27973,27973,25805,15035
1822,1,2808,21868,18087,21868,19376
1823,0,1058,29723,29723,28425,29484
1824,0,14257,28408,28408,24823,26220
1825,0,8733,25287,25287,26599,26844
1826,0,2167,26866,26866,26672,27931
1827,7,12611,19676,23326,19067,15675
1828,0,13780,24687,24687,26149,25870
1829,0,8269,28096,28096,15127,25433
1830,0,3601,15748,15748,16274,16813
1831,0,9007,18914,18914,17777,15827
1832,0,5475,28528,28528,26073,27466
1833,0,9768,25886,25886,29310,26689
1834,0,138,30136,30136,29668,23772
1835,0,533,25216,25216,25817,28771
1836,310,2283,18608,16210,23173,23209
1837,5,9002,15336,22301,17431,23683
1838,1,835,25942,29740,25942,26073
1839,6,3560,15109,15215,15093,15054
1840,1,6933,26115,28720,26115,25496
1841,20,7687,18029,18368,19849,17650
1842,5,14031,26347,27283,25261,29096
1843,0,4048,27204,27204,29533,28074
1844,3,5802,20522,15675,19067,20146
1845,60,11715,28396,25164,25480,26148
1846,0,13254,27276,27276,27865,29285
1847,6,10788,22928,17464,15325,23138
1848,26,11269,25502,23807,25480,27880
1849,0,12292,28086,28086,23866,24635
1850,1,1085,24663,25371,24663,26072
1851,0,11619,21731,21731,22081,18428
1852,4,11862,25898,25854,26177,26602
1853,0,7841,23131,23131,21576,21521
1854,0,5667,24481,24481,26518,24957
1855,0,8862,28215,28215,27255,25915
1856,71,1768,24599,27019,29612,29373
1857,0,10973,24610,24610,26954,24707
1858,170,13713,27885,28642,29481,27703
1859,0,11765,20349,20349,18342,18087
1860,2,324,29183,26992,27379,29183
1861,1,11591,16944,23143,16944,16464
1862,0,5245,17833,17833,20279,21742
1863,20,5015,20033,20473,30320,22520
1864,0,9084,24460,24460,24175,30101
1865,18,11654,28115,30039,28289,28877
1866,18,1102,16622,18987,22497,15313
1867,4,3870,17028,30279,17291,19888
1868,1,12432,26013,25188,26013,27694
1869,32,14237,27039,26900,27939,26712
1870,0,9789,24031,24031,28053,25097
1871,15,11331,28984,24106,15147,24783
1872,0,5663,26730,26730,27070,29451
1873,1,3172,18491,20051,18491,15325
1874,0,1264,15159,15159,25798,28884
1875,0,13739,30261,30261,30242,18915
1876,0,4443,17067,17067,21229,16627
1877,0,3165,24812,24812,24902,28448
1878,0,5732,21899,21899,15555,16786
1879,0,9615,22184,22184,15493,18526
1880,0,11281,21675,21675,19909,15732
1881,0,6951,24761,24761,22031,14969
1882,0,11500,16221,16221,21788,16496
1883,23,10601,25589,27778,28435,28947
1884,0,9450,22031,22031,19542,20109
1885,0,4946,27343,27343,24912,27040
1886,0,5943,17523,17523,15313,20225
1887,0,13209,20900,20900,18195,19475
1888,0,8004,24278,24278,29565,26708
1889,0,2181,19514,19514,20286,16025
1890,0,14474,15148,15148,26703,29202
1891,0,9132,24099,24099,28903,29066
1892,1,12696,18611,21099,18611,15499
1893,8,309,28819,28117,26793,28969
1894,0,11173,22494,22494,23632,21389
1895,8,5976,22786,23494,21310,15824
1896,0,10559,21360,21360,20232,20040
1897,1,517,20805,17226,20805,15443
1898,0,1247,21651,21651,21592,20033
1899,556,11317,27097,28572,29886,26868
1900,0,1303,26743,26743,26690,25075
1901,0,2174,29142,29142,25645,27204
1902,2,6302,20863,22012,23210,20863
1903,0,3531,28587,28587,28361,28984
1904,3,235,15461,17264,17028,23011
1905,0,2758,20048,20048,20127,20805
1906,46,6626,28628,29270,24175,30039
1907,0,7503,16650,16650,19128,19284
1908,0,11086,19280,19280,19104,22489
1909,0,11810,21459,21459,16658,22452
1910,0,12899,25103,25103,29096,30267
1911,9,3914,16642,17697,21720,21310
1912,0,3891,25859,25859,24838,24351
1913,0,3772,21563,21563,17377,15767
1914,0,4800,29250,29250,29274,29229
1915,0,9536,20701,20701,15886,22422
1916,20,13569,22445,17834,15871,19490
1917,0,13893,29191,29191,27923,27040
1918,0,4753,16545,16545,16392,20243
1919,5,3646,26126,29277,28242,29756
1920,0,10276,23754,23754,26309,29588
1921,0,6464,26509,26509,30347,30324
1922,0,11074,19628,19628,22031,23333
1923,1,1381,15164,15413,15164,15475
1924,0,3157,27307,27307,24902,26754
1925,4,9452,25815,29246,27660,26498
1926,0,6213,22849,22849,23293,16944
1927,0,7821,26618,26618,24607,26087
1928,0,7758,22444,22444,20279,18087
1929,0,13145,24923,24923,26043,25164
1930,56,11296,17834,17065,20666,19120
1931,0,7287,24775,24775,27393,29392
1932,9,1418,16268,21156,15254,15052
1933,53,4651,19083,23429,21933,23413
1934,0,11743,25587,25587,17643,26106
1935,5,4290,22408,21099,20128,22970
1936,0,9905,15944,15944,30324,19780
1937,1,5197,18428,22173,18428,16733
1938,0,1964,25488,25488,29461,27404
1939,5,4100,23011,21652,17028,17291
1940,0,3082,17638,17638,21156,20162
1941,0,9903,23383,23383,20980,23650
1942,0,2680,19322,19322,18365,20762
1943,0,6858,26309,26309,27343,27040
1944,9,1694,25627,28242,29565,28869
1945,0,8794,17677,17677,16132,16578
1946,1002,11150,29914,15265,29457,26399
1947,30,2976,28946,28856,24628,29756
1948,0,9489,22032,22032,20805,17677
1949,1,10142,27589,29486,27589,28589
1950,1,7643,16733,18428,16733,21731
1951,7,5462,22765,19396,16273,25371
1952,1,4756,27545,27086,27545,27481
1953,0,4197,15054,15054,15215,15093
1954,281,6556,16210,15342,19490,23700
1955,45,1293,23855,25311,27390,24326
1956,0,3624,27185,27185,25075,25600
1957,0,13741,26138,26138,24296,25208
1958,0,1343,20566,20566,16012,20927
1959,6,5623,27363,24607,26618,27103
1960,0,14268,24182,24182,25616,26794
1961,0,369,30328,30328,27895,30306
1962,0,1448,14991,14991,16578,18867
1963,0,13709,26339,26339,26583,15930
1964,0,11017,26821,26821,27075,24749
1965,1,157,19981,17751,19981,22408
1966,181,4847,28480,29481,25394,24783
1967,0,7728,22518,22518,23375,17779
1968,2,5165,29668,29645,18968,29668
1969,0,7438,20099,20099,15462,20758
1970,0,9854,22708,22708,21018,16192
1971,0,74,28007,28007,29429,29152
1972,20,12104,21310,20302,22113,15863
1973,26,9050,22520,16268,16210,22368
1974,0,9262,15877,15877,19671,22443
1975,0,6101,19215,19215,23357,18851
1976,0,1434,23129,23129,18428,18348
1977,0,4983,25169,25169,25168,23876
1978,0,113,28445,28445,28080,29028
1979,3,3825,22312,23326,19024,20551
1980,0,7442,26518,26518,25623,24431
1981,4,11779,27923,24783,27826,24106
1982,0,246,24607,24607,25188,27694
1983,0,5702,17037,17037,22786,28969
1984,0,10534,15699,15699,20747,23159
1985,5,10006,19865,19305,23215,22489
1986,0,7221,17569,17569,21459,16619
1987,2,11061,19177,17650,22592,19177
1988,0,5486,19010,19010,16044,21163
1989,422,3722,18015,21376,16747,23063
1990,16,1557,24590,29517,25097,15230
1991,0,2815,19542,19542,22031,21922
1992,0,6379,28361,28361,26735,28549
1993,490,10792,24106,16381,15411,15991
1994,0,7112,24856,24856,28973,24761
1995,0,6936,18904,18904,22452,19634
1996,1,6442,16658,16028,16658,19619
1997,4,3015,29952,29999,24550,29958
1998,0,11986,28450,28450,24987,27584
1999,0,8486,28888,28888,26160,26856
2000,0,12634,21596,21596,21794,19879
2001,0,11276,21948,21948,23068,22773
2002,1,5454,24532,25557,24532,26577
2003,35,11068,23759,26963,27785,28300
2004,143,10540,28536,28589,26314,26703
2005,0,7568,16755,16755,22006,23072
2006,1,8174,25497,27778,25497,25138
2007,0,1628,24616,24616,27496,28311
2008,8,803,16035,19192,29147,19016
2009,1,13910,28591,25940,28591,24214
2010,0,13516,27057,27057,28679,26699
2011,9,1295,20567,23173,22137,23557
2012,212,320,30152,29907,24851,29300
2013,0,4700,17577,17577,20887,19284
2014,0,6092,17360,17360,18050,16242
2015,0,2787,27774,27774,25530,26630
2016,4,9990,28973,29903,27589,24077
2017,0,6700,29075,29075,24111,26769
2018,0,3950,30185,30185,30277,30166
2019,10,8804,27034,26868,15197,26392
2020,0,5705,22597,22597,21835,21108
2021,125,7843,23952,15230,29517,23777
2022,5,3115,23635,16464,17848,17050
2023,0,10908,19770,19770,19114,22466
2024,0,7551,15555,15555,21899,22757
2025,5,8076,16258,21562,20658,21212
2026,0,12224,22279,22279,21644,22073
2027,62,1279,29263,29517,29366,25097
2028,19,7869,20666,16886,18281,16094
2029,0,10229,19482,19482,17569,22452
2030,0,9770,26588,26588,26011,28642
2031,0,12229,25764,25764,24529,25763
2032,0,2315,24462,24462,27827,29209
2033,0,11673,17662,17662,21088,20111
2034,1,4863,29948,29968,29948,30064
2035,8,6517,28726,26738,27406,27404
2036,16,10811,21960,15543,20407,17442
2037,3,12849,27788,26900,28509,27682
2038,0,7058,29083,29083,27152,26452
2039,0,1599,17648,17648,19449,20900
2040,11,948,23623,18342,17820,22213
2041,0,3485,20303,20303,15890,21879
2042,0,1045,30064,30064,29939,28442
2043,0,9367,29725,29725,29093,27963
2044,88,9589,20904,15675,21495,17161
2045,249,8514,24727,27774,25530,25337
2046,0,4918,18591,18591,23557,17442
2047,0,10906,25487,25487,25308,29047
2048,0,11398,24060,24060,25645,27941
2049,0,4898,27803,27803,28705,28538
2050,7,11470,25773,25483,27609,26083
2051,0,14345,27898,27898,26255,27977
2052,0,4559,23178,23178,18874,21931
2053,0,12008,25190,25190,28842,28790
2054,0,1926,22476,22476,23011,23466
2055,41,95,17943,23569,15493,23047
2056,0,6422,21659,21659,22905,22137
2057,9,3,22339,19111,17991,20888
2058,0,12488,19556,19556,16658,23426
2059,4,7096,28538,27166,27204,28074
2060,0,8279,29735,29735,20920,20059
2061,49,5770,20279,18087,16886,18281
2062,0,7907,21959,21959,23103,16224
2063,1,11886,29968,30064,29968,27905
2064,0,7162,24900,24900,26049,25865
2065,0,2916,25337,25337,24701,27826
2066,0,1052,30274,30274,25203,24663
2067,0,5575,22626,22626,21652,21406
2068,0,14559,24795,24795,24076,26668
2069,1,1321,27416,28077,27416,29318
2070,0,12313,28486,28486,26452,26769
2071,0,431,24315,24315,25287,28528
2072,0,2300,28899,28899,24727,28107
2073,0,9445,21465,21465,17717,19527
2074,1,0,18718,19016,18718,16139
2075,1,2807,19986,15382,19986,22847
2076,91,12855,15241,25967,24585,25660
2077,0,1103,22070,22070,17005,22765
2078,0,46,16403,16403,21431,21191
2079,0,12588,23138,23138,18491,20051
2080,0,9800,27772,27772,27011,26703
2081,3,7670,29049,26160,29154,28790
2082,0,2840,27280,27280,27653,28175
2083,4,2321,15960,16733,16274,19772
2084,2,3229,22497,22312,21001,22497
2085,1,7598,24077,27014,24077,26177
2086,3,9867,21720,15472,15967,19177
2087,1,1582,16261,17467,16261,30335
2088,0,4987,28328,28328,26325,28590
2089,0,11926,15411,15411,15827,22538
2090,0,11770,23824,23824,26308,27198
2091,22,1523,24442,29968,29939,29071
2092,169,14516,23333,20242,15624,23429
2093,0,14284,26172,26172,26553,25220
2094,0,7307,22507,22507,15793,20380
2095,0,2720,21156,21156,15627,29517
2096,3,811,29663,15001,28972,28547
2097,7,9487,25075,26743,26690,24613
2098,0,6789,21929,21929,23518,17779
2099,0,9726,24030,24030,28175,25527
2100,0,7623,16121,16121,18590,16095
2101,0,4281,20023,20023,17619,17377
2102,0,4943,18928,18928,19575,15614
2103,1,6919,15313,18281,15313,20279
2104,0,5519,27086,27086,27545,28005
2105,0,13066,21018,21018,22708,16210
2106,0,9014,24501,24501,22882,28423
2107,0,13337,25870,25870,24637,27122
2108,1,7157,20916,22472,20916,23426
2109,1,3805,25369,28078,25369,25502
2110,0,9792,27766,27766,25645,28150
2111,0,1920,22847,22847,18068,19986
2112,9,148,15470,14997,24769,14960
2113,2,9328,25371,26072,24663,25371
2114,0,11221,26381,26381,26490,28350
2115,0,5991,19634,19634,20532,22773
2116,0,4884,27680,27680,28766,27039
2117,0,3730,15784,15784,19898,21495
2118,0,590,24431,24431,25623,25901
2119,0,9497,27502,27502,27584,27391
2120,0,2638,29489,29489,28312,28684
2121,0,7422,16557,16557,17741,21959
2122,0,966,26939,26939,29012,24820
2123,5,8018,27941,28135,24315,27104
2124,0,2438,27779,27779,24111,29093
2125,0,7878,15722,15722,18915,30242
2126,35,549,19654,22474,22912,19849
2127,43,8182,25551,28077,29999,24550
2128,0,7709,21609,21609,21389,15771
2129,0,4707,16292,16292,21108,22597
2130,0,4212,28074,28074,25915,29299
2131,0,7296,23703,23703,17752,23429
2132,0,21,30306,30306,30328,30318
2133,19,7982,29370,23859,26087,28128
2134,5,6758,26169,25849,24668,28790
2135,0,10257,17870,17870,20800,22530
2136,0,6896,28133,28133,28080,26738
2137,0,11802,24187,24187,23943,27939
2138,0,7306,21906,21906,22611,20664
2139,0,9155,29603,29603,28590,29083
2140,1,13881,24214,26534,24214,24727
2141,1,8721,18281,18087,18281,30335
2142,0,12181,27051,27051,27124,17833
2143,7,10244,21758,17653,17161,20223
2144,0,10355,21776,21776,23279,19669
2145,0,5974,26289,26289,26390,28665
2146,0,3284,15712,15712,19527,17717
2147,92,1435,26465,27185,25075,29268
2148,2,6591,19368,22564,18363,19368
2149,29,11200,29809,29802,29429,28674
2150,0,4089,19024,19024,20113,23210
2151,0,13704,20242,20242,23429,21951
2152,5,2376,27778,25013,26043,29453
2153,12,11380,26817,28875,28289,30039
2154,0,9703,26911,26911,27256,26788
2155,0,12565,25557,25557,26577,24532
2156,0,13795,17752,17752,23703,29354
2157,0,9407,25920,25920,24197,24607
2158,0,7853,24709,24709,28946,26489
2159,0,7972,24579,24579,24985,27097
2160,0,7093,15325,15325,23138,22928
2161,0,605,29568,29568,25084,29146
2162,13,14560,17197,30146,29790,28032
2163,1,6996,29246,27191,29246,29107
2164,1,1898,26214,26754,26214,29441
2165,0,10576,16786,16786,19449,21148
2166,34,8648,27084,26292,26894,27653
2167,0,3698,24957,24957,23247,24773
2168,0,9415,25644,25644,29052,28590
2169,14,2017,27922,28947,24544,27011
2170,0,2447,15871,15871,23411,23599
2171,73,6983,17312,16650,17981,22300
2172,6,7328,23326,17161,19144,20146
2173,25,10311,18664,15493,20601,20920
2174,24,2559,24668,15241,28585,25660
2175,0,788,29078,29078,28119,28305
2176,0,4568,25093,25093,27057,25934
2177,0,1992,22474,22474,21226,15656
2178,0,13281,24470,24470,27974,23759
2179,0,8783,21931,21931,16528,22313
2180,0,6796,15182,15182,15240,15206
2181,0,10689,16392,16392,16545,21794
2182,0,2455,25840,25840,28932,26792
2183,0,10053,23900,23900,28591,23824
2184,0,2240,23808,23808,24421,28947
2185,0,11101,27796,27796,28570,24449
2186,0,4267,16555,16555,16809,19303
2187,0,13401,26075,26075,24245,28107
2188,26,9456,20557,21099,21456,22339
2189,18,2427,26926,28888,29380,25190
2190,0,7562,27393,27393,29252,24775
2191,24,12519,25860,28289,30115,30038
2192,0,3478,27466,27466,27070,26073
2193,0,6475,30072,30072,30093,30115
2194,0,8726,16224,16224,21959,16528
2195,0,172,18159,18159,20725,22757
2196,0,13280,23500,23500,23545,23173
2197,0,7049,20705,20705,22597,17194
2198,0,8442,30039,30039,28874,24442
2199,0,5289,16983,16983,20800,17152
2200,0,4282,28155,28155,28762,29005
2201,0,7392,22039,22039,18865,19715
2202,105,6406,20707,17523,16275,16622
2203,0,4317,24612,24612,27544,25654
2204,0,8564,29730,29730,17577,19079
2205,0,5297,28689,28689,25221,27382
2206,0,13974,15890,15890,19771,18771
2207,0,12408,23279,23279,22466,16809
2208,12,7683,16764,20924,17442,15373
2209,0,12461,27724,27724,25220,27584
2210,29,9699,24936,29420,24504,29366
2211,0,12016,27207,27207,24174,24421
2212,3,493,28987,28734,27126,24968
2213,0,10861,23717,23717,25606,27362
2214,129,7114,19389,18591,23557,18281
2215,0,11421,21108,21108,28898,16292
2216,0,12231,26577,26577,24532,25557
2217,34,12844,23466,19185,21389,21773
2218,0,9862,18088,18088,21601,17464
2219,0,12693,24893,24893,29486,28790
2220,0,13382,28889,28889,26766,24987
2221,17,14176,28180,24449,28091,28947
2222,0,9226,23972,23972,28726,29339
2223,8,6211,22485,18844,19850,16747
2224,0,4167,15965,15965,18800,19281
2225,0,10943,27122,27122,27390,24421
2226,152,10681,29300,27653,15151,24599
2227,0,14432,26428,26428,24749,27385
2228,0,10431,27722,27722,24226,25955
2229,0,14188,26855,26855,25589,27785
2230,0,6815,27757,27757,26545,29277
2231,0,2872,27144,27144,25723,29152
2232,0,13194,28246,28246,29795,15001
2233,5,11955,21204,22786,22443,20707
2234,52,4876,24657,25600,19192,15001
2235,75,643,18447,18575,16886,17777
2236,0,5361,21121,21121,21652,18087
2237,513,14807,25600,24756,28435,26170
2238,0,3933,22177,22177,23569,22302
2239,3,7520,30324,28949,30272,26763
